35
13 5 7 18 3 30 11 12 17 33 27 29 8 6 11 18 2 31 31 29 12 6 17 20 13 17 30 35 30 35 15 2 33 23 33
1 2 5 7 20 23 24 29 31 32 33 34 35
8 9 18 21 31
7 10 13 14 22 29 32
2 6 8 9 10 15 16 17 19 20 21 22 25 26 28 29 31 35
4 24 29
1 3 4 5 6 7 8 9 10 12 13 14 15 17 18 19 20 21 22 23 24 25 26 28 29 30 31 33 34 35
1 3 4 10 18 21 26 27 28 30 32
1 4 5 12 16 18 23 24 26 28 30 34
3 4 8 9 11 12 13 18 19 22 24 26 28 30 31 32 34
1 2 3 4 5 6 7 8 9 10 11 12 13 14 15 16 17 18 19 20 21 23 24 25 26 27 28 29 30 31 32 34 35
1 2 3 4 5 7 8 9 10 14 15 16 17 19 20 21 23 24 25 27 28 30 31 32 33 34 35
2 3 4 5 6 8 9 10 11 12 13 14 16 17 19 20 21 22 24 25 26 27 28 29 30 31 33 34 35
7 16 20 21 29 31 32 35
6 19 20 29 32 34
2 4 5 7 9 10 23 27 28 32 35
2 3 4 6 7 10 14 16 18 20 21 22 24 26 31 33 34 35
5 10
1 2 3 4 5 6 7 8 9 10 11 12 13 14 15 17 18 19 20 21 23 24 25 27 28 30 31 32 33 34 35
1 2 5 6 7 9 10 11 12 13 14 15 16 17 18 19 20 21 22 23 24 25 26 27 28 29 31 32 33 34 35
1 2 3 4 5 7 8 9 11 12 13 14 15 17 18 20 21 22 23 24 25 26 27 28 30 31 32 33 35
6 9 15 16 19 28 30 31 32 33 34 35
2 3 6 11 22 28
2 3 5 6 8 9 10 11 14 15 16 20 22 23 28 29 32
2 3 4 12 13 14 18 19 21 23 25 27 28 29 30 31 32 33 34 35
2 3 7 10 19 21 22 25 27 29 30 31 33
3 6 7 15 16 17 18 19 20 21 22 23 25 26 29 30 35
1 3 4 5 6 7 8 9 10 11 12 13 14 15 17 18 19 20 21 22 23 25 26 27 30 31 32 33 34 35
1 2 3 4 5 6 7 8 9 10 11 12 13 14 15 16 17 18 19 20 21 22 23 24 25 26 27 28 29 30 31 32 33 34 35
1 2 3 4 5 6 7 8 10 12 13 14 15 16 17 18 19 20 21 24 26 27 28 29 30 31 32 33 34 35
1 2 3 4 5 6 7 8 9 10 11 12 13 14 15 16 17 18 19 20 21 22 23 24 25 26 27 28 29 30 31 32 33 34 35
2 3 8 10 11 14 15 17 25 28 29 30 32 33 34
2 26
1 2 3 4 5 6 7 8 9 10 11 12 13 14 15 16 17 18 19 21 22 23 24 25 26 27 28 30 31 32 33 34 35
3 4 7 8 9 10 11 13 14 16 17 20 21 22 23 25 28 29 30 31 33 34 35
1 2 3 4 5 6 7 8 10 11 12 13 14 15 17 18 19 20 21 22 23 24 25 26 27 28 29 30 31 32 33 34 35
8 -1 -7 5 -2 -7 -3 0 -3 10 -3 -2 -3 -8 9 -1 2 3 -7 1 10 1 -9 -3 -5 8 -8 2 -3 2 -6 -4 -4 0 -10
2 2 9 2 -1 -5 -10 7 4 -2 1 4 6 -4 -4 -6 -7 -9 1 7 8 9 -7 8 5 7 -6 2 5 -9 5 8 1 2
-6 6 3 3 1 1 -3 9 -7 -10 2 3 10 1 -7 -10 -8 2 0 8 6 8 -1 -9 0 -5 -5 -9 -4 8 -3 -2 7
-6 -6 -5 3 -1 -4 2 -2 10 7 4 9 10 -8 -6 -7 8 2 -4 -7 10 -5 -10 -1 9 7 8 -2 -9 5 2 3
-1 -4 9 -7 4 -10 -6 9 8 -9 0 -4 -1 4 5 5 0 6 4 -10 -2 -2 -6 -4 9 5 0 5 -9 -7 -8
10 -2 7 1 -10 1 -3 10 -8 -7 -9 1 -6 -3 8 -6 -10 -1 -1 -2 -4 -2 8 4 1 5 -10 10 6 9
-6 -1 9 9 -8 -3 -4 4 -8 -1 -9 -3 8 -1 9 -6 9 9 6 -5 -4 -4 0 2 -6 9 9 -7 5
-10 7 -5 5 -7 8 -3 9 1 -7 4 6 2 8 -4 -9 8 2 4 6 1 2 -9 -7 -1 -7 -6 10
-3 -7 -4 -10 -5 -4 -1 -4 -4 -5 5 7 4 10 -7 -6 4 0 -7 -10 -6 -5 6 -5 -3 0 1
5 5 -6 1 9 2 7 8 -1 4 0 -7 -2 -1 -1 -5 -8 -7 -5 -6 -3 6 5 -9 4 -3
4 -10 -2 4 3 -4 7 -2 -9 2 -5 -6 -7 2 -10 3 -1 -10 10 -9 -9 -5 -1 -2 6
3 3 10 8 -1 3 6 0 4 2 3 3 2 9 5 -10 0 -7 5 -1 -2 3 9 2
6 -1 -9 -4 0 5 8 8 -9 8 -7 -8 -2 -7 -3 -4 0 -2 -9 9 -7 -5 -3
5 -3 2 2 -2 -9 -10 10 4 -1 -9 -6 -4 -8 -2 10 -1 -1 1 -10 -7 6
0 2 -10 -3 7 9 0 -3 3 2 6 -2 1 -2 -2 -2 5 6 9 -8 1
-7 -8 -3 0 6 8 -4 5 10 -7 -5 -2 3 -6 -2 -9 6 1 -8 -2
-1 6 -9 3 1 3 4 0 10 -5 -7 5 -1 -10 -8 8 7 3 -10
-5 7 -5 -9 1 -5 -5 6 4 -8 8 6 0 -2 -9 -2 8 -7
1 -2 1 -10 -5 -5 -8 -10 5 2 -8 -4 -5 9 -3 10 1
9 -10 0 4 9 -5 -1 -1 -7 2 -1 8 -1 4 -9 -3
-2 -8 2 5 -10 -10 -2 4 -9 6 9 7 -8 7 -7
-1 3 -7 -10 -9 5 6 -10 8 -7 -7 -3 -6 -9
5 7 0 -3 7 3 9 4 -4 -4 -10 5 9
-3 -1 9 -6 8 -8 2 5 0 -4 -10 -4
2 3 -5 0 0 -9 6 3 5 9 5
4 2 -4 1 -4 -4 8 3 6 -8
-7 3 4 2 -4 -8 9 4 6
-8 -7 -10 -2 -4 0 -5 -8
-7 -1 -5 -9 2 -8 5
9 4 8 5 9 -7
1 -7 7 -1 -7
6 -1 3 10
7 -5 2
-1 -1
-8