50
13 2 20 49 42 29 2 39 50 15 20 35 44 6 50 14 44 20 11 40 36 35 16 7 47 28 14 28 30 18 35 19 14 9 17 46 10 23 40 29 5 36 41 27 33 4 23 15 25 36
2 10 17 18 19 26 30 34 35 41 43 45 48
21 23
1 2 4 10 12 14 17 20 26 29 30 31 36 37 39 45 46 47 49 50
1 2 3 4 5 6 7 8 9 10 11 12 13 14 15 16 17 18 19 20 21 22 23 24 25 26 27 28 29 31 32 33 34 35 36 37 38 39 40 41 42 43 44 45 46 47 48 49 50
1 2 4 5 6 7 8 9 10 11 12 15 16 17 18 19 20 21 22 23 25 26 28 29 30 31 32 33 35 36 37 38 39 40 41 42 43 46 47 48 49 50
1 3 6 7 9 11 12 13 14 15 16 19 20 26 28 29 31 32 35 37 38 40 41 42 43 45 47 48 49
34 36
2 3 4 5 6 9 10 11 12 13 14 15 17 18 21 22 23 24 25 26 27 28 29 30 31 32 33 35 36 38 40 41 42 43 44 46 47 48 50
1 2 3 4 5 6 7 8 9 10 11 12 13 14 15 16 17 18 19 20 21 22 23 24 25 26 27 28 29 30 31 32 33 34 35 36 37 38 39 40 41 42 43 44 45 46 47 48 49 50
1 6 9 11 12 20 25 29 31 35 36 37 41 43 45
5 8 12 14 16 18 20 22 23 26 28 31 33 34 36 37 44 48 49 50
1 2 3 4 5 6 8 10 11 15 16 18 20 24 26 27 28 30 31 32 34 37 38 39 40 41 42 43 44 45 46 47 48 49 50
3 4 5 6 7 8 9 10 11 12 13 14 15 16 17 18 19 20 22 23 24 25 27 28 29 31 32 33 34 35 36 37 38 39 40 41 42 43 44 45 47 48 49 50
12 21 35 41 42 45
1 2 3 4 5 6 7 8 9 10 11 12 13 14 15 16 17 18 19 20 21 22 23 24 25 26 27 28 29 30 31 32 33 34 35 36 37 38 39 40 41 42 43 44 45 46 47 48 49 50
5 9 12 13 16 25 29 33 34 35 37 39 42 48
1 2 3 4 5 6 7 8 9 10 11 12 13 14 16 19 20 22 23 24 25 26 27 28 29 30 31 32 33 34 35 36 37 38 40 41 42 43 45 46 47 48 49 50
4 5 10 11 12 13 15 17 19 20 22 23 27 28 31 38 39 44 47 50
4 8 10 15 25 27 28 33 35 36 48
1 4 6 7 8 9 11 12 13 14 15 16 17 18 19 20 21 22 23 25 26 28 30 31 32 33 34 35 36 37 38 39 40 42 45 46 47 48 49 50
1 3 6 7 8 9 10 11 13 14 15 16 17 18 20 22 23 24 26 27 29 30 32 33 34 36 38 39 40 44 45 46 47 48 49 50
1 2 3 4 5 6 7 8 9 11 12 14 15 16 17 20 21 22 25 27 28 29 30 31 33 35 36 37 41 43 45 47 48 49 50
5 7 8 10 14 19 23 27 29 38 40 45 46 47 48 49
13 18 21 24 31 34 45
1 3 4 5 6 7 8 10 11 12 13 14 15 16 17 18 19 20 21 22 23 24 25 26 27 28 29 30 31 32 34 35 36 37 38 39 40 41 42 43 44 45 46 47 48 49 50
3 4 6 7 9 10 12 13 16 18 20 21 23 24 26 27 31 32 34 35 37 38 39 41 42 43 44 47
1 2 5 8 12 14 21 24 25 36 40 41 43 48
3 4 10 11 13 14 15 17 18 19 20 22 24 25 26 28 30 31 34 36 37 38 40 41 44 45 47 50
1 2 5 8 9 10 11 12 13 14 15 16 20 23 26 27 28 29 30 33 34 35 36 38 41 43 44 45 46 49
1 6 9 11 13 16 17 25 27 30 31 32 34 35 39 42 43 47
1 2 3 4 5 6 7 9 10 14 15 16 18 19 20 21 23 24 26 30 31 33 34 35 37 38 39 40 41 42 43 44 45 46 48
3 7 13 14 16 19 21 23 30 31 34 35 36 38 41 44 46 48 50
3 7 8 11 12 13 16 24 26 33 40 41 45 47
5 7 8 21 27 30 31 35 42
4 5 6 14 19 20 26 27 28 31 33 38 39 40 42 44 45
1 2 3 4 5 6 7 8 10 11 12 13 14 15 16 17 18 19 20 22 23 24 25 26 27 28 29 30 31 32 33 35 36 37 38 39 41 42 43 44 45 46 47 48 49 50
8 13 14 17 22 25 28 32 34 45
2 3 4 8 9 12 13 17 20 22 26 28 29 30 34 37 38 39 45 46 47 49 50
1 2 3 4 5 6 7 8 9 10 11 12 13 14 16 18 19 20 21 22 23 24 25 26 28 29 30 31 36 37 38 39 40 41 42 45 46 47 49 50
2 4 6 7 9 12 13 15 16 18 19 21 23 27 28 29 30 31 32 33 36 37 38 42 43 44 46 48 50
9 17 35 42 49
2 4 6 8 9 10 11 12 15 16 17 18 19 20 21 23 24 26 27 29 30 31 33 34 35 37 38 39 40 42 44 45 46 48 49 50
1 3 4 5 7 8 10 11 12 13 14 16 17 18 19 20 21 23 24 25 26 28 29 30 31 32 33 34 35 38 39 40 41 42 43 44 45 46 48 49 50
2 3 6 7 9 10 18 20 22 23 24 26 27 28 29 30 33 36 37 38 39 40 42 43 44 46 47
1 2 4 5 6 7 9 16 17 18 19 20 22 23 24 25 26 27 28 29 31 32 33 37 38 39 40 41 43 44 47 48 50
1 8 11 50
2 3 4 8 12 14 15 17 18 23 26 27 29 30 34 36 37 40 42 46 47 48 49
1 6 11 12 14 16 17 30 35 37 41 42 43 44 46
1 4 6 8 12 13 15 18 19 20 22 23 24 29 30 35 37 38 41 42 45 46 47 48 49
1 2 4 5 6 10 11 12 13 15 16 17 19 20 21 22 23 24 25 27 28 29 31 33 34 35 36 37 38 41 43 45 46 47 48 49
-5 6 6 10 -4 2 8 2 9 2 7 5 3 -1 6 -4 -9 3 -10 -8 -1 0 4 -6 9 6 8 7 10 3 -7 7 -10 -3 -5 0 -2 -9 -7 2 9 8 -3 -10 8 -3 5 -10 6 -6
6 3 -10 5 -6 -7 -1 -4 -3 -4 10 -1 -5 -9 1 9 9 7 -7 -9 6 2 -7 9 9 5 4 -10 8 6 -2 -3 -9 6 -3 -7 -10 2 2 10 -1 -9 2 -5 2 -3 -2 -3 5
5 -3 1 -10 -4 -10 2 2 -5 -2 -9 3 -4 5 4 -10 0 -7 2 8 6 -8 9 2 -4 -8 -7 1 -7 7 -7 10 -7 5 0 5 0 -10 6 4 -3 8 -7 -9 -2 4 -2 2
7 10 9 -1 0 1 -6 8 -4 2 -10 5 4 -5 5 -3 -6 -6 -5 4 -1 -5 5 7 -2 -6 6 -7 -4 10 -4 10 -8 -7 -7 5 -9 0 -2 -3 9 -8 4 -9 10 -3 3
-4 -3 -4 1 -8 4 -7 4 8 2 0 1 7 0 -4 2 0 -2 -8 -8 -4 10 -3 -3 -7 6 -10 -10 -8 -6 0 -9 -7 6 -4 5 -5 5 9 -3 -4 -7 -8 -4 3 -8
1 -10 2 -3 -2 -5 -7 6 -8 -9 -6 6 8 5 -1 4 -4 2 -9 5 -7 -1 10 -3 10 -1 -8 2 0 -8 -4 -4 -10 -2 -5 10 -2 7 10 3 -6 -7 1 -9 -3
-8 5 0 3 -2 0 0 -8 -4 3 -9 -6 -10 -7 -1 8 -2 -4 -6 -1 -6 7 4 -5 -8 -2 7 6 0 5 -8 6 -5 -8 5 1 10 -3 3 -7 0 -10 5 6
9 2 -5 9 -8 9 4 9 -8 4 -7 2 1 -10 -1 10 4 0 3 0 4 6 0 -4 9 6 3 -3 -9 -9 -4 -2 1 -6 0 6 -2 2 7 -10 2 2 4
-10 -1 5 10 8 -4 -2 4 8 2 -8 0 -1 10 4 -7 -6 9 -8 3 -5 -3 -5 -1 1 -7 -10 10 -6 -5 -4 -3 4 10 4 -10 -9 -8 7 -1 -4 -7
-3 4 4 -2 -6 -6 -3 9 4 4 6 0 -3 -3 -3 -7 -2 -9 -1 -6 1 1 2 0 -4 2 -2 1 -2 -7 -1 8 -8 7 4 5 -4 10 2 9 -8
10 5 7 -4 2 -4 1 0 9 3 10 -1 6 -5 -2 0 3 4 7 -6 4 -4 -8 9 0 -1 -5 6 -6 1 5 6 4 -8 -8 -8 -1 9 -5 -9
-1 6 10 2 3 1 5 -9 -8 5 10 3 -9 10 1 -8 1 -10 -2 -7 7 8 -5 2 -7 7 9 -3 -4 2 6 -10 0 1 -1 3 9 -1 -5
4 -10 9 -1 -7 4 7 0 5 -7 10 -5 -1 -6 0 0 -4 -9 1 0 4 1 -9 3 2 9 10 -7 5 -3 -3 -9 4 8 -9 -3 6 3
-10 -10 7 10 1 -4 -7 0 -4 3 5 -10 10 -8 2 -6 0 3 -3 -9 4 -10 4 0 -10 -4 10 6 -1 8 -10 -10 -10 3 9 5 8
-8 -1 9 8 -9 -2 3 -3 -9 4 5 -1 -10 -2 -2 -5 -3 4 -6 3 10 9 8 2 -2 -3 -5 4 -10 -9 -8 9 -8 -7 4 -10
8 -2 -8 -5 -5 6 8 -2 6 4 -6 2 5 7 7 -1 10 -10 -2 3 2 6 -8 -10 -6 3 6 1 6 9 -2 -2 3 0 3
7 -6 -7 0 -10 2 2 -10 9 8 9 -4 8 2 0 3 -5 -3 -3 -4 4 4 -10 7 2 -7 -6 -6 8 -3 0 9 -10 9
1 2 10 5 -1 10 7 5 9 -8 -10 -7 -8 10 -4 -7 7 8 2 -7 -3 1 -3 5 7 0 3 5 9 -3 1 -4 5
-7 -2 -5 6 2 -9 7 -4 -9 8 -2 4 -9 4 3 2 -5 1 1 1 -9 -8 5 10 9 8 0 3 5 -1 -9 -3
-9 -9 10 6 6 -10 9 -1 2 -5 8 10 1 5 5 -10 1 -6 3 -2 0 9 -4 -4 2 -3 -2 0 -4 3 9
-1 -5 5 7 9 -4 10 -6 8 1 2 6 5 -2 -9 8 10 -2 10 8 3 0 -2 -3 10 -1 -8 9 0 3
-7 -5 0 -8 -2 2 0 5 4 -3 8 7 10 6 -4 -1 7 8 -10 -8 8 3 -9 -5 -10 -3 -4 -2 7
9 -9 -5 10 -1 4 6 2 10 -6 9 -4 4 3 -3 -10 10 10 7 8 10 0 -1 -9 2 -3 6 -9
-10 -10 3 -4 -7 -6 -9 0 -4 -6 -8 -1 9 -6 5 -6 2 -8 4 -6 5 -4 -6 -9 -2 7 6
9 -5 7 3 1 8 3 -4 -8 1 -10 2 0 -8 -5 -9 -9 10 -8 8 9 -7 -5 -6 -2 -6
2 -1 1 5 -9 8 -3 -2 -2 -4 -3 -4 2 -2 0 10 -2 -7 7 -5 -2 3 -8 1 -2
4 -9 -1 -7 -9 -6 -9 1 -1 4 -7 -7 0 0 -5 5 -10 4 -10 2 -1 7 5 -5
-1 -3 8 8 2 2 -4 -8 -10 8 2 3 6 0 8 2 2 9 4 6 -9 4 5
-4 -5 10 3 -10 10 -7 -10 -10 -10 5 3 8 -7 7 0 -6 8 3 -2 8 5
-6 3 -4 5 -5 8 -1 -1 9 -7 -9 5 -2 8 9 7 -4 2 -5 -8 10
-7 -7 4 3 -5 1 -8 3 8 -4 -4 -3 8 6 4 -7 -2 4 -9 -4
9 -7 -9 7 -2 -1 -10 9 -9 4 7 7 4 -4 5 0 -9 6 -1
6 -5 -5 0 -8 0 -2 -4 3 -9 -10 1 10 4 9 3 0 -4
-5 -3 -1 7 4 -8 1 -9 0 8 0 9 4 7 -6 -4 6
1 10 3 -10 9 -3 -2 0 -6 9 9 -1 -8 0 -2 -3
-10 5 10 -1 8 -6 -4 -7 4 6 10 -3 -5 -7 -3
10 -8 -7 1 -3 -4 2 1 8 -10 -3 6 9 -3
-10 0 -1 -6 2 -3 1 0 5 9 6 7 10
-3 -5 2 1 5 -1 9 -1 -7 3 -7 4
7 -2 -5 -8 -5 -5 6 6 8 1 -8
-7 -3 -1 -9 7 -3 -6 -4 -5 1
-4 -7 6 -2 7 3 10 4 -4
10 5 -9 -5 7 6 -8 7
-3 -7 -6 -8 -10 3 -7
3 9 5 -3 -2 -9
9 3 -10 -7 7
-8 2 -1 0
-4 -3 -1
-4 -4
1