25
12 8 12 4 12 6 11 2 24 5 12 7 23 7 23 6 25 18 2 25 23 10 14 21 12
2 3 4 6 8 9 11 12 13 14 22 23
1 2 4 5 7 19 20 24
1 3 5 7 8 9 10 13 14 15 22 23
1 5 9 12
1 2 5 8 9 12 13 14 17 21 22 25
1 8 13 14 16 25
3 10 11 14 15 16 17 19 20 22 23
20 25
1 2 3 4 6 7 8 9 10 11 12 13 14 15 16 17 18 19 20 21 22 23 24 25
1 2 4 10 13
2 3 4 5 6 7 8 14 15 16 19 24
3 5 14 17 19 22 23
1 2 4 5 6 7 8 9 10 11 12 13 14 15 16 17 18 19 20 21 23 24 25
3 8 15 20 22 24 25
1 2 3 4 6 7 8 9 10 11 12 13 14 15 16 18 19 20 21 22 23 24 25
1 7 13 14 18 23
1 2 3 4 5 6 7 8 9 10 11 12 13 14 15 16 17 18 19 20 21 22 23 24 25
1 2 3 4 5 6 7 9 11 12 13 14 15 17 19 20 22 25
2 10
1 2 3 4 5 6 7 8 9 10 11 12 13 14 15 16 17 18 19 20 21 22 23 24 25
1 3 4 5 6 7 8 9 10 11 13 14 15 16 17 18 19 20 21 22 23 24 25
1 3 7 8 10 12 16 17 19 25
1 4 6 8 9 11 13 15 16 17 18 22 23 25
1 2 3 4 5 6 7 8 9 11 12 13 14 15 16 17 18 19 20 24 25
3 4 7 8 9 10 11 13 16 18 21 24
-2 -7 10 -7 7 -4 -10 -7 -5 5 -9 2 -5 1 0 2 -1 9 -7 3 -5 -5 4 5 -9
8 -2 -7 -8 -10 -8 0 6 2 -8 3 -1 6 0 -8 -3 -5 10 -9 4 0 1 -7 -5
-4 -5 1 0 -1 -4 6 0 1 0 7 -1 -2 0 -4 -8 -10 -4 -2 -4 7 -8 1
0 -5 7 8 1 10 10 6 1 1 3 6 2 7 -10 -1 7 10 3 -5 -7 6
-1 8 -5 3 -2 8 -3 0 -5 0 -3 -6 6 -6 4 -9 -1 6 -9 8 -2
-8 10 -8 -10 3 10 1 -10 -4 -7 9 5 2 -8 -9 -6 4 4 8 5
-1 10 9 -7 -5 8 -10 5 -2 9 -10 2 -2 1 1 0 2 -10 2
-9 -5 -3 -2 -9 -4 -7 10 8 6 -10 9 0 -8 -10 3 2 2
2 -4 -2 6 -1 -6 3 2 -5 -6 1 8 7 -9 7 7 2
-6 0 3 5 4 5 3 10 -3 -4 -4 -7 -1 5 4 -10
-6 -7 -5 3 6 -2 -7 0 10 10 6 -10 -3 6 -2
-7 -2 -6 -2 -6 -10 2 7 -3 5 1 -2 -10 -5
-1 -10 -10 -8 9 5 -9 -7 5 5 7 -1 -7
-6 -2 8 10 10 -8 10 0 10 -10 -6 3
3 3 -9 -7 -7 -3 5 9 4 -2 -6
9 -1 -6 -10 10 0 4 8 -7 -3
-1 -7 -2 -7 -5 -4 2 -5 -3
3 7 4 2 -8 -9 -10 -6
9 -1 10 4 3 5 -1
7 8 4 1 -5 6
-2 6 -10 -5 -2
10 1 -1 -7
6 0 -10
2 -1
-10