50
43 42 20 35 41 8 10 18 10 36 26 21 23 32 33 47 11 8 32 34 21 19 47 39 21 4 24 50 37 28 47 21 43 27 30 25 16 35 37 23 7 21 16 7 6 41 39 21 6 45
1 2 3 4 5 6 7 8 9 10 11 13 14 15 18 19 20 21 22 23 25 26 27 28 29 30 31 32 33 35 36 37 38 39 41 42 43 44 45 46 47 48 50
1 3 4 6 8 9 10 11 12 14 15 16 17 18 19 20 21 23 24 25 26 27 28 29 31 32 33 34 35 37 38 39 40 41 42 43 44 45 47 48 49 50
5 8 9 13 14 15 17 18 21 23 24 25 27 32 33 37 41 42 46 49
1 2 3 4 5 8 10 11 12 13 14 15 18 19 20 21 22 23 24 25 27 28 30 31 32 33 36 37 38 39 40 41 46 47 49
2 4 5 6 7 8 9 11 13 14 15 16 17 18 19 20 22 23 24 25 26 27 28 29 30 31 32 33 35 36 37 38 39 40 43 44 45 46 47 48 50
9 18 23 25 26 27 29 32
5 9 12 17 24 37 39 42 46 47
1 6 7 11 19 22 24 27 29 33 34 35 36 38 41 44 45 49
6 12 17 20 21 29 35 36 37 42
2 4 5 6 7 8 9 10 11 12 13 14 15 16 18 19 21 22 24 25 28 30 31 33 34 37 38 41 42 43 44 45 46 48 49 50
1 4 8 10 11 12 14 16 18 19 20 22 23 24 25 28 29 30 34 35 37 38 42 43 48 49
1 3 4 10 11 16 17 19 20 21 26 30 32 36 37 38 39 40 42 47 49
2 4 7 10 11 12 15 17 19 22 24 26 30 32 34 35 39 40 41 43 44 46 47
1 2 4 7 8 9 10 13 14 18 19 21 22 23 25 26 27 29 32 33 34 35 38 39 42 43 45 46 47 48 49 50
1 2 3 4 5 8 10 11 12 16 17 18 19 20 22 24 25 26 27 28 29 31 34 37 38 39 40 41 43 45 46 47 50
1 2 3 4 5 6 7 8 9 10 11 12 13 14 15 16 17 18 19 20 21 22 23 24 25 26 28 29 30 32 33 34 35 36 37 38 39 40 41 42 43 44 45 46 48 49 50
6 15 17 18 22 26 27 31 32 35 48
5 14 20 27 33 38 46 49
1 2 3 4 5 7 10 12 13 14 15 16 17 20 21 23 24 25 26 30 32 33 34 35 36 38 40 41 43 44 45 49
1 2 4 5 6 7 9 10 11 12 13 14 16 17 19 21 23 24 25 26 28 31 32 33 35 37 40 43 44 45 46 47 48 50
2 5 6 10 12 17 20 22 24 25 30 35 36 40 41 42 43 44 47 48 50
4 7 9 10 11 21 22 23 24 25 29 31 35 37 41 42 46 47 49
1 2 3 4 5 6 7 8 9 10 11 12 13 14 15 16 17 18 19 20 21 23 24 25 26 27 28 29 30 32 33 34 35 36 37 39 40 41 42 43 44 45 46 47 48 49 50
3 4 5 6 9 10 11 12 14 16 17 18 19 20 21 22 23 24 26 27 29 30 31 32 33 34 35 36 37 39 40 41 42 43 44 45 47 48 50
3 4 7 13 14 16 17 18 19 20 25 28 29 30 32 39 45 46 47 48 50
3 19 27 48
1 2 4 6 7 8 9 11 12 13 14 16 17 18 19 30 31 34 35 36 40 41 42 47
1 2 3 4 5 6 7 8 9 10 11 12 13 14 15 16 17 18 19 20 21 22 23 24 25 26 27 28 29 30 31 32 33 34 35 36 37 38 39 40 41 42 43 44 45 46 47 48 49 50
1 3 6 8 9 11 14 15 17 18 19 20 22 23 24 26 27 28 29 30 31 32 33 34 35 37 39 40 41 43 44 45 46 47 48 49 50
1 3 4 5 8 12 13 15 17 19 20 23 24 26 27 28 29 30 31 32 38 39 40 41 42 43 47 49
1 2 3 5 6 7 8 9 10 11 12 13 15 17 18 19 20 21 22 23 24 25 26 27 28 29 30 31 32 33 34 35 36 37 38 39 40 41 42 43 44 45 46 47 48 49 50
1 2 4 5 12 13 16 17 18 19 20 21 26 27 28 32 40 44 45 49 50
1 2 4 6 9 10 11 12 13 14 15 16 17 18 19 20 21 22 23 24 25 26 27 28 29 32 33 34 35 36 37 38 39 40 41 42 43 44 45 46 47 48 49
2 3 4 5 7 10 12 13 14 16 17 20 21 22 24 25 26 28 30 33 35 37 39 41 42 43 49
1 2 5 7 8 9 10 11 12 14 19 20 23 24 25 27 29 31 32 33 36 37 39 42 43 44 45 48 49 50
1 2 3 5 6 7 11 12 14 15 18 20 23 24 26 28 29 31 32 33 34 35 39 45 46
3 12 16 23 24 27 29 32 34 35 36 37 41 42 44 48
2 3 4 6 7 8 9 10 11 12 13 14 15 17 18 20 21 23 24 27 29 30 32 33 35 37 38 39 40 41 43 45 46 47 48
1 2 3 4 5 6 7 8 9 11 12 13 14 16 17 18 20 21 22 26 27 28 29 30 31 32 33 34 37 42 43 44 46 47 48 49 50
5 7 13 14 16 20 21 22 23 24 27 29 33 35 36 38 41 42 43 44 45 46 50
12 15 16 28 34 38 44
3 6 12 13 15 18 22 28 29 30 31 32 34 35 36 38 39 42 43 44 49
1 7 14 16 18 25 26 27 33 34 41 43 45 46 47 48
11 13 14 21 23 25 43
18 25 27 33 36 49
1 2 4 6 8 9 10 12 13 14 16 17 18 19 20 21 22 23 25 26 27 28 29 30 32 33 34 35 36 37 38 39 40 41 42 43 44 46 47 48 50
1 2 3 5 6 7 8 9 10 11 12 13 15 16 17 19 20 21 23 25 26 27 29 30 31 32 34 35 36 37 38 39 40 41 42 45 46 47 50
2 3 6 9 10 13 14 19 22 24 26 27 31 33 36 37 38 40 45 47 50
9 18 22 28 32 36
2 3 4 5 6 7 8 9 10 11 12 13 14 15 16 17 18 19 20 22 23 24 26 27 28 29 30 31 32 33 34 35 36 37 38 39 40 41 42 43 45 46 47 49 50
-9 -10 -3 9 3 0 -3 10 -3 2 -2 7 -3 6 -1 3 -6 8 6 2 1 -3 9 2 4 -3 7 5 -8 -3 -5 9 9 0 4 -8 5 2 7 -2 -9 -6 5 -3 -8 10 0 6 -9 1
8 4 2 -5 -3 -3 1 3 10 4 -2 2 -2 8 4 -2 0 9 -6 9 7 1 -8 -7 8 -3 -8 -9 -9 6 6 6 7 10 -8 -8 6 0 10 -10 4 5 8 9 -1 -8 -9 -8 -1
2 6 1 -10 7 -9 3 7 9 0 5 -1 4 -1 0 7 10 -7 -1 0 0 -7 7 -6 -7 -5 5 -2 8 4 -2 -9 0 9 -7 -5 -2 3 -6 -6 -6 -3 9 4 2 -8 5 -6
-6 -4 -1 -6 -5 -6 -1 -4 7 -10 -4 9 -5 9 10 -7 8 7 -3 2 -1 6 0 0 7 9 -6 1 6 9 -1 10 3 5 -7 4 3 -10 5 9 -9 9 10 -8 8 10 -9
-7 3 1 -1 -4 -4 7 5 -4 -7 -7 3 -10 -5 -8 7 -8 7 -2 7 2 9 4 -9 -10 -8 2 7 -8 0 9 9 -10 10 9 3 -5 1 -10 9 0 1 9 -1 9 6
6 -1 -8 8 6 10 7 -6 9 -2 -5 0 8 1 -4 1 -9 -8 -3 5 -4 0 -5 -6 9 5 -8 -6 7 -8 -4 -1 -10 0 2 0 -3 4 -4 -2 -5 4 -1 -3 -5
4 0 -1 -8 -1 -3 -3 -10 3 -1 -10 -2 6 -3 7 2 -1 -7 3 6 -8 3 -2 -7 -5 7 3 2 -1 2 5 6 10 9 -2 7 6 -5 -7 -5 9 2 6 -7
-1 -3 -3 6 1 -8 -5 -4 -6 9 5 -1 9 6 10 -9 10 -2 -6 1 -7 -7 4 8 -8 -1 5 9 -3 1 5 -8 -6 3 0 -3 3 -9 6 3 6 -8 -9
1 -1 6 -7 2 -6 -1 -4 4 -2 -3 -3 7 -6 7 5 4 -1 6 9 -10 4 9 -2 -4 2 -5 -1 -7 5 7 7 5 10 -4 5 -8 1 6 -9 -10 -8
-2 5 3 9 7 7 -5 2 -6 -3 8 -1 2 -2 -3 -3 8 0 -3 -8 -2 2 1 10 -8 -6 9 0 5 3 -4 -6 8 -7 -7 7 2 -1 -10 9 9
-10 6 3 -6 7 -10 -9 1 9 -3 -1 1 -2 -8 -4 -2 -6 -2 8 -2 2 6 -2 -8 -4 -10 7 -3 4 -1 -3 10 2 2 -6 3 -10 6 -4 5
-2 -6 0 -2 -6 -2 -1 -9 -2 -2 1 -4 -4 -8 5 3 8 6 -6 -7 -10 -1 6 3 2 -4 0 -4 1 7 1 -5 0 -2 -9 -9 -8 -2 4
6 -9 0 -10 -3 0 -3 6 0 6 3 0 -5 -8 -2 -2 8 0 -2 -1 -3 10 -9 -1 7 -3 7 -4 5 4 1 -1 1 -3 -6 -5 -2 3
-5 -10 0 1 7 -3 6 -8 8 10 -6 2 2 10 10 1 5 -5 4 5 -7 -7 6 5 -1 3 -9 4 -7 -5 3 5 6 6 0 9 10
-4 7 8 6 5 -5 -10 10 -3 -7 -4 -5 -10 0 9 6 1 2 9 6 -10 8 0 6 -10 9 7 -4 4 -6 6 2 -2 -7 2 10
6 0 -1 7 8 -6 -10 6 -8 -7 -8 7 -8 -9 10 -4 -9 6 -8 -7 0 8 7 -8 -10 0 -6 -10 1 8 -1 -8 -5 -6 7
-10 6 -7 3 2 -3 6 5 5 4 6 -4 -7 1 7 -5 -4 -2 -1 -7 0 -3 -5 9 9 2 6 4 -2 0 8 -2 7 7
-10 -5 -7 -5 3 -2 1 -4 0 7 -2 4 -8 -7 -6 -7 -4 -9 -3 -5 1 -7 -1 8 -8 7 -6 3 4 -10 1 1 8
1 5 -6 -3 -1 10 -8 0 6 9 3 3 -1 0 9 -3 0 6 5 2 9 -1 10 -7 4 -1 8 -9 -5 -3 7 0
9 -2 6 10 -2 5 6 -9 8 -10 5 6 1 10 7 2 8 -7 -1 4 -8 3 -1 8 -3 -9 2 -4 2 8 2
7 5 -7 -9 3 -7 0 6 4 3 -1 -4 -8 -9 0 -9 -6 -9 9 -4 -4 -2 10 -3 6 -2 -9 -1 2 2
-4 0 -2 2 -7 -7 8 -10 -7 -4 1 5 -10 8 9 -3 5 8 -4 -6 -1 -9 9 -1 5 3 -3 6 -7
7 -4 -8 -4 1 2 -3 7 8 10 5 3 3 5 3 -4 4 -10 -1 2 1 -1 -1 10 7 -5 3 5
9 -6 10 -3 1 8 -8 -3 -8 4 -6 5 -4 -7 -4 7 -6 6 -6 -4 -7 3 -4 -7 1 -9 -9
-10 0 2 2 5 4 2 5 9 -6 0 10 6 5 8 10 8 -7 -3 3 -1 8 9 -4 -10 6
10 9 0 0 7 -3 0 7 -6 1 7 -5 -3 -7 -6 5 10 8 -3 -10 3 -5 -1 2 5
-5 2 7 0 -6 -4 -8 4 2 9 -3 6 0 0 0 -6 7 -7 5 7 2 -6 -2 5
-9 10 -8 2 7 9 -1 -5 2 -1 -1 -8 2 5 -6 9 1 -6 -8 0 -10 -5 5
-7 -6 -4 -1 -3 2 6 10 3 -4 -7 2 5 9 -8 -1 -8 1 4 8 -5 -10
-10 5 7 -7 2 7 1 9 -5 -3 8 -5 -3 1 -2 -6 7 -6 1 -4 1
-4 2 1 9 -4 8 -7 10 -8 9 7 -1 -9 8 4 1 3 7 9 7
0 2 0 1 5 -1 -5 -1 9 5 -4 5 2 -8 0 -7 -5 9 -3
0 5 9 2 -5 8 -1 -3 -2 7 -10 5 -4 -9 -8 -3 7 -10
-3 -5 6 2 1 -5 5 -3 -9 -3 8 7 -4 -7 2 -1 -9
-5 -3 -8 2 -2 0 7 7 1 9 -7 8 -7 -9 6 -8
-4 -3 -7 -2 6 8 -9 -9 -3 -5 -6 -5 -10 -6 7
-2 -5 1 -5 1 -7 7 0 10 0 -9 -3 -5 8
-5 -5 -2 -6 5 7 -3 -1 10 5 -4 -4 -4
-4 -2 -9 5 9 3 3 -1 -3 -2 0 6
-10 7 1 4 -5 4 -8 -8 4 5 8
0 6 2 0 10 6 -3 -6 -9 -4
-2 -3 1 -3 -2 -5 0 -1 2
-5 -3 3 -7 -5 -10 -3 5
5 2 -8 -7 -2 0 -10
5 6 2 0 6 7
0 -3 5 1 4
9 4 -5 8
8 4 -9
2 0
3