25
15 18 4 5 25 25 12 17 4 8 3 16 13 16 15 5 15 13 10 7 12 16 9 25 6
1 2 6 8 10 11 13 14 15 16 17 19 23 24 25
1 3 4 5 6 7 8 9 10 12 13 14 15 19 21 22 23 25
2 4 22 24
4 17 19 23 25
1 2 3 4 5 6 7 8 9 10 11 12 13 14 15 16 17 18 19 20 21 22 23 24 25
1 2 3 4 5 6 7 8 9 10 11 12 13 14 15 16 17 18 19 20 21 22 23 24 25
1 2 4 5 8 10 12 18 19 21 23 25
1 2 4 5 6 7 9 10 11 13 14 15 16 18 19 21 23
10 18 21 25
2 5 10 13 15 18 21 24
13 17 18
1 2 4 5 6 7 8 10 13 14 15 20 21 22 23 24
1 4 7 9 11 12 15 17 19 20 22 24 25
1 2 4 7 8 9 10 12 13 14 18 19 21 23 24 25
1 2 3 6 7 8 10 11 13 14 16 19 22 23 25
2 9 20 22 24
2 3 4 5 8 9 10 11 12 16 19 22 23 24 25
2 4 6 8 9 10 14 15 16 18 19 20 25
3 4 7 9 10 11 13 16 23 24
1 7 9 13 17 20 21
1 2 4 5 10 12 13 16 17 19 23 25
1 2 3 4 6 7 8 9 10 11 14 15 16 17 20 24
5 8 9 10 13 15 18 22 23
1 2 3 4 5 6 7 8 9 10 11 12 13 14 15 16 17 18 19 20 21 22 23 24 25
2 5 15 18 19 20
-1 10 7 5 -8 -5 -8 2 10 -4 -4 -6 -9 1 4 -5 -10 -6 -7 6 2 9 0 -5 -4
7 7 6 8 -4 -10 4 9 8 5 -4 7 4 0 -8 -5 -3 5 4 7 7 -1 1 -10
6 -8 9 -4 -9 -5 -10 10 6 8 -10 3 4 9 7 10 10 3 -5 -2 -4 -6 -1
-5 -7 8 3 4 0 -1 4 5 9 -5 7 -7 3 -3 -4 -10 2 -1 -8 10 6
-7 8 -5 -1 1 -6 5 8 -3 3 -6 6 -5 -8 2 -1 2 10 -9 9 -7
0 -1 4 5 7 5 -2 7 10 -5 -9 8 -1 -10 -8 10 -6 -6 10 4
-6 3 -4 1 -5 7 6 -7 -9 -4 7 8 1 10 -9 5 -2 5 -6
-2 5 -2 0 -3 10 -3 1 -9 -5 0 10 -2 4 -6 -6 -6 4
-8 4 -10 -8 2 -3 -8 3 3 -10 7 -7 1 8 -8 -7 -1
0 5 -2 -2 -10 -4 4 9 8 9 -3 -8 -5 6 -8 1
-6 4 -7 0 -2 -9 10 -1 2 4 -6 -3 0 7 -2
-3 1 -9 10 -3 -4 -5 -1 -8 -8 1 -5 6 -6
8 9 -7 10 -2 1 -8 -9 10 2 6 4 9
-6 7 9 -6 9 2 -6 10 10 4 -4 -4
4 4 -2 -7 5 2 7 2 10 5 3
10 9 -7 -1 6 -7 -9 1 -3 6
-8 -9 9 -6 0 5 0 -8 3
8 5 -3 -7 2 7 -6 0
-4 7 5 -7 3 -6 4
10 -7 -4 -10 -8 -1
10 1 9 7 -10
-7 10 -7 5
3 7 5
-7 -5
-8