100
40 73 11 61 7 2 83 14 10 75 70 44 13 70 37 50 27 9 6 45 94 67 17 34 23 70 56 97 38 30 55 52 66 83 62 98 36 75 25 84 69 37 85 6 35 79 91 11 83 59 71 80 58 86 3 31 95 21 61 7 66 53 74 57 51 84 73 75 47 88 64 3 66 29 2 62 11 27 90 32 2 38 92 38 3 30 16 6 52 17 78 39 100 67 43 43 17 35 100 64
1 3 4 6 8 12 15 21 22 24 25 26 28 30 32 36 38 40 44 47 49 50 51 52 56 59 61 63 64 68 70 72 77 79 80 83 84 91 96 97
2 3 6 7 9 10 11 13 14 16 17 18 22 23 24 25 27 28 30 31 33 34 35 36 37 38 39 40 41 42 43 44 45 46 50 51 53 54 55 56 57 60 61 62 64 66 67 68 70 72 73 74 75 76 77 78 79 80 83 84 85 86 87 89 90 91 92 93 94 95 96 97 99
23 25 27 41 46 49 52 70 80 88 99
1 2 4 5 6 8 10 12 13 15 16 17 18 22 23 24 25 27 28 31 32 33 34 35 38 39 40 43 44 45 48 49 50 51 52 53 57 58 59 61 62 63 64 65 66 68 70 76 77 78 80 82 84 85 87 91 94 96 97 99 100
3 22 40 55 68 76 97
29 82
1 2 4 5 6 8 9 11 12 13 14 15 16 17 19 20 21 23 24 25 26 27 28 29 30 31 32 33 34 35 36 37 38 39 40 42 43 44 45 46 47 48 49 50 51 52 53 54 55 56 57 58 61 62 64 65 66 67 69 71 72 73 74 75 76 77 78 80 82 84 85 87 88 89 90 91 92 93 94 95 97 99 100
29 32 37 44 45 48 49 60 63 70 81 88 89 98
7 15 19 40 42 43 52 98 99 100
1 2 3 4 6 7 8 9 10 11 12 13 15 18 20 22 24 27 29 30 31 32 33 35 36 37 39 40 41 43 44 45 46 47 48 49 50 51 52 53 55 56 58 59 61 62 63 64 65 66 67 68 69 70 71 73 74 75 76 77 78 79 80 83 84 86 87 89 91 93 96 97 98 99 100
1 2 5 6 7 8 10 11 12 15 17 20 21 22 23 27 28 29 31 34 35 37 38 39 40 41 43 44 46 47 48 50 51 53 55 57 58 60 61 62 63 64 66 67 68 69 70 71 72 73 75 76 77 78 80 82 83 84 85 86 87 89 90 93 94 95 97 98 99 100
2 3 6 10 11 13 15 16 17 19 20 26 28 29 31 33 34 35 36 38 39 41 43 46 47 48 49 51 52 55 56 59 61 65 67 69 71 74 75 78 81 88 90 95
18 27 37 47 50 56 57 71 75 76 77 86 93
1 2 4 5 6 7 9 12 13 14 16 18 19 20 21 23 24 25 26 27 28 29 30 31 32 33 34 35 36 39 40 41 42 43 48 49 50 51 53 54 55 57 58 61 63 64 65 66 67 68 70 71 75 77 78 80 82 83 85 86 87 88 89 90 91 92 94 97 99 100
1 2 3 4 7 8 11 13 16 21 28 30 32 34 35 37 41 43 44 46 48 50 51 58 62 66 67 71 72 76 78 82 85 88 89 93 99
1 3 4 8 10 11 13 14 18 19 21 22 23 27 28 29 31 34 36 37 42 46 47 53 55 57 58 59 61 63 70 72 74 76 78 81 82 83 84 87 88 91 92 93 94 95 96 97 99 100
2 4 23 26 27 28 35 36 39 42 43 53 54 59 60 62 64 66 67 68 76 82 87 88 91 95 97
9 22 29 31 61 63 77 84 94
18 25 60 65 74 75
2 4 5 6 7 8 9 10 11 15 16 17 18 22 23 24 27 30 31 40 46 50 51 54 56 58 59 61 63 65 68 70 71 76 79 80 83 85 86 89 90 92 97 98 100
1 2 3 4 5 6 7 8 9 10 11 12 14 15 16 17 18 19 20 21 22 23 24 25 26 27 28 29 30 31 32 33 35 36 37 38 39 40 41 42 43 44 46 47 48 49 50 51 52 53 54 55 56 57 58 60 61 62 63 64 65 66 67 68 69 70 71 72 73 74 75 76 77 78 79 80 81 82 83 84 86 87 88 89 90 91 92 93 94 96 97 98 99 100
2 4 6 7 8 9 10 11 12 15 16 17 20 21 24 25 26 27 28 30 32 33 34 35 38 39 42 44 45 46 47 48 49 50 51 53 55 56 57 58 59 60 63 64 65 66 69 71 72 74 76 77 78 79 80 81 82 83 84 85 87 88 89 90 93 94 99
1 17 33 45 47 50 53 56 65 70 71 74 76 78 83 87 92
1 4 7 8 11 12 13 17 19 22 23 24 30 34 36 41 43 44 48 49 53 55 60 64 67 68 79 84 87 88 90 93 94 96
3 8 14 16 17 19 24 28 38 43 45 47 48 55 64 65 73 75 76 81 89 92 95
1 2 5 6 7 8 10 13 14 15 16 17 18 19 22 24 25 27 29 30 33 35 36 38 40 41 46 47 48 49 50 51 52 53 54 55 56 57 58 59 60 63 64 65 68 69 71 72 73 74 75 77 78 79 82 83 85 86 87 88 89 90 91 92 93 94 95 96 98 99
4 5 6 9 11 12 13 14 16 19 20 21 22 24 25 26 28 29 30 32 34 40 41 44 45 46 47 48 53 56 57 58 59 62 63 66 67 68 69 70 71 72 73 75 77 79 80 82 85 86 87 88 92 96 98 99
1 2 3 4 5 6 7 8 9 10 11 12 13 14 15 16 17 18 19 20 21 22 23 24 25 26 27 28 30 31 32 33 34 35 36 37 38 39 40 41 42 43 44 45 46 47 48 49 50 51 52 53 54 55 56 57 58 59 60 61 62 63 64 65 66 67 68 69 70 71 72 73 74 75 76 77 78 79 80 81 82 83 84 85 86 87 88 89 90 91 92 93 94 96 97 98 100
1 3 4 9 12 14 15 16 17 18 22 23 24 25 28 30 46 48 49 50 53 58 60 61 71 73 74 77 79 81 82 85 86 87 90 91 97 100
1 3 10 14 17 23 24 26 34 35 38 43 44 45 47 54 56 57 61 68 75 76 79 80 81 87 91 96 97 100
1 2 6 7 8 9 10 11 16 17 22 23 24 25 26 27 28 29 31 33 35 36 38 39 41 43 45 46 48 50 51 52 53 54 55 57 60 61 63 64 65 69 72 74 77 78 82 85 86 89 90 93 94 97 99
1 4 5 9 10 11 13 14 16 19 22 24 26 28 29 31 34 36 40 42 43 44 45 46 47 48 49 50 52 55 60 63 64 65 67 70 72 74 76 79 81 83 86 87 88 89 92 93 94 97 99 100
1 5 6 7 8 9 10 11 12 13 14 15 17 18 20 21 22 24 25 27 28 29 30 31 33 34 35 36 38 40 42 43 46 48 51 53 56 57 58 59 60 61 62 64 66 67 68 72 73 74 75 76 77 78 80 81 84 86 89 90 92 94 95 96 97 98
1 2 3 4 5 6 7 8 9 10 11 12 13 14 15 17 18 19 20 21 22 23 24 25 26 27 28 29 31 33 34 35 37 38 39 40 41 42 43 44 45 48 51 53 54 55 56 57 59 60 61 62 63 64 65 66 67 68 69 70 71 72 74 75 76 78 79 80 81 82 83 84 85 86 88 89 90 91 92 93 95 96 100
2 4 5 6 9 10 11 13 15 18 19 20 21 23 26 28 29 30 31 32 34 38 39 40 41 42 43 44 45 46 49 54 55 56 57 58 59 60 62 63 65 66 68 69 71 74 75 76 77 78 79 80 84 85 86 87 88 91 93 94 97 100
1 2 3 4 5 6 7 8 9 10 11 12 13 14 15 16 17 18 19 20 21 22 23 24 25 26 27 28 29 30 31 32 33 34 35 36 37 38 39 40 41 42 43 44 45 46 47 48 49 50 51 52 53 54 55 56 57 58 59 61 62 63 64 65 66 67 68 69 70 71 72 73 74 75 76 77 78 79 80 81 82 83 84 86 87 88 89 90 91 92 93 94 95 96 97 98 99 100
5 12 18 26 28 29 30 32 34 35 38 40 41 42 44 45 46 47 52 53 54 57 62 65 66 75 80 85 90 91 92 93 95 98 99 100
1 2 4 5 7 8 9 10 12 13 14 15 17 19 21 23 24 26 27 28 29 30 32 34 35 36 38 39 40 41 42 43 44 46 47 48 49 53 54 55 56 57 58 59 60 61 62 64 65 66 67 68 69 70 71 72 74 76 77 78 79 81 82 84 85 86 87 89 90 92 93 96 97 98 99
1 11 13 14 18 23 24 30 36 44 49 50 61 64 72 75 81 82 83 86 87 88 91 94 96
2 3 4 5 6 7 8 10 11 13 14 15 16 17 19 20 21 22 23 24 25 26 28 29 30 31 32 33 34 36 37 39 40 41 43 44 45 46 47 49 50 51 52 57 58 60 61 62 63 64 65 66 67 68 69 70 71 72 73 74 75 76 77 78 79 80 81 82 83 84 85 86 87 88 89 90 91 92 93 94 95 98 99 100
1 2 3 4 5 6 8 10 11 12 13 15 16 17 18 21 22 23 24 27 29 30 31 32 33 34 35 36 38 39 40 41 42 43 44 45 46 47 48 52 54 55 60 61 64 65 66 67 68 71 73 74 76 77 80 82 83 84 85 86 89 90 91 92 93 97 98 99 100
2 3 8 12 14 15 21 23 25 29 31 33 36 37 39 43 47 49 51 54 57 60 62 66 67 69 71 75 78 79 80 87 89 94 96 99 100
1 2 3 4 5 6 7 8 9 10 11 12 13 14 15 16 17 18 19 21 22 23 24 25 28 29 30 32 33 35 36 37 39 40 41 43 44 45 47 48 49 50 51 52 53 55 56 57 58 59 60 61 62 64 65 66 67 68 69 70 73 74 75 77 78 79 80 81 82 83 84 85 86 87 88 89 90 91 93 94 95 96 98 99 100
9 36 60 66 70 73
1 3 6 10 11 14 24 27 28 30 32 36 39 42 43 50 51 52 53 56 57 58 61 63 64 72 78 79 81 83 86 90 91 98 100
4 5 6 7 8 9 10 11 13 14 15 17 18 19 20 21 22 23 24 25 26 27 29 30 31 32 33 34 35 36 37 38 39 40 41 42 43 44 46 47 48 49 50 51 52 55 58 61 62 63 64 65 66 67 68 69 70 71 72 74 76 77 78 79 80 81 82 83 86 88 89 92 93 94 95 96 97 98 100
2 3 4 5 6 7 8 9 10 11 13 14 15 16 17 18 19 20 22 23 24 25 26 27 28 29 30 31 32 33 34 35 36 37 38 39 40 41 42 44 45 46 47 48 49 50 51 53 55 56 57 58 59 60 61 62 63 64 65 66 67 68 69 70 71 72 73 74 75 76 77 78 79 81 82 83 85 86 87 88 89 90 91 92 93 94 95 96 97 98 99
2 9 12 22 28 29 36 41 57 63 94
1 2 3 5 6 7 8 9 10 11 12 13 15 16 17 18 19 20 22 24 25 26 28 29 30 31 32 33 34 36 37 38 39 40 41 42 43 44 45 46 47 49 50 51 54 56 57 58 59 61 62 63 65 66 67 69 70 71 72 74 75 76 77 78 79 80 81 82 83 84 85 86 88 89 92 93 94 95 96 97 98 99 100
1 3 4 5 6 9 10 12 14 16 17 19 20 21 22 23 25 26 28 29 31 32 35 36 37 38 39 40 41 44 47 48 49 53 54 56 57 60 61 62 63 64 65 66 71 72 78 79 80 81 84 86 88 89 93 95 96 98 99
1 2 3 6 7 8 10 11 12 13 15 18 19 20 21 22 23 24 25 30 31 32 33 34 35 36 38 39 40 42 43 44 46 48 49 50 51 52 53 54 55 56 58 59 60 62 63 65 67 70 72 74 75 76 77 78 81 82 83 84 85 86 88 89 90 91 92 93 94 97 98
1 2 3 5 6 7 8 10 11 12 13 14 15 16 17 18 20 21 22 23 25 26 28 29 30 31 34 35 36 38 39 40 41 42 43 44 45 46 47 48 50 51 52 53 54 56 57 58 59 60 61 62 63 64 66 67 68 69 70 71 73 75 76 77 79 80 81 82 83 86 87 89 90 91 92 93 94 95 99 100
1 2 3 6 7 9 10 11 13 16 17 18 19 21 22 23 24 25 26 28 29 31 33 35 37 40 41 48 52 53 54 56 57 58 60 61 62 63 64 68 69 72 76 77 78 79 82 85 86 87 88 91 93 94 95 96 97 100
1 2 3 4 5 6 7 8 9 10 11 12 13 14 15 16 17 18 20 21 22 23 24 25 26 28 29 30 31 33 34 35 36 39 40 41 42 43 45 46 47 48 49 50 51 52 53 54 56 57 58 61 63 65 66 67 68 69 70 71 72 73 74 75 76 77 78 80 82 83 84 85 86 87 88 89 90 91 92 93 94 95 97 98 99 100
7 11 59
4 6 9 15 16 19 27 31 33 36 38 39 40 41 42 51 54 56 58 64 66 70 76 79 85 86 89 91 93 96 99
1 2 3 4 5 6 7 8 9 10 11 12 13 14 15 16 17 18 19 21 22 23 24 25 26 27 28 29 30 31 32 33 34 35 36 37 38 39 40 42 44 45 47 48 49 50 51 52 53 54 55 56 57 58 59 60 61 62 63 64 65 66 67 68 69 70 71 72 73 74 75 76 77 78 79 80 81 82 83 84 85 87 88 89 90 91 92 93 94 95 96 97 98 99 100
4 7 8 12 16 29 38 39 42 54 55 67 73 74 79 80 90 94 96 97 100
1 2 4 5 6 7 9 10 12 20 21 23 24 26 28 29 31 33 34 35 36 37 38 39 41 43 44 45 46 48 53 54 56 57 58 59 61 62 66 67 68 69 70 71 72 74 75 77 78 80 83 84 85 86 87 88 89 90 92 96 100
43 51 52 62 94 95 98
1 2 3 5 6 7 8 10 11 12 14 17 18 19 21 22 23 24 26 30 31 32 33 34 35 38 40 41 42 43 46 47 48 50 51 53 54 55 56 57 58 59 60 63 66 67 68 69 70 71 72 73 74 75 78 80 82 85 86 87 88 89 93 95 98 100
3 4 7 8 9 11 13 15 16 18 19 21 24 25 26 30 32 34 35 37 38 41 43 44 45 48 49 50 53 54 55 57 58 61 63 64 65 67 69 70 80 81 83 87 88 89 90 94 95 96 98 99 100
1 2 3 4 5 7 8 9 10 14 16 17 18 19 21 22 23 24 25 27 28 29 30 31 32 33 34 36 37 38 39 40 43 44 46 47 48 49 52 53 54 55 56 57 58 59 60 61 62 63 64 66 68 70 71 73 74 75 76 77 79 80 81 86 87 88 90 92 93 94 95 97 98 100
1 2 4 6 7 8 10 11 13 14 16 17 19 23 24 31 32 33 34 37 41 42 43 44 45 46 48 50 52 55 56 57 58 60 61 62 65 69 71 73 75 76 79 80 81 86 87 88 89 90 92 94 96 97 98 99 100
4 9 10 12 13 14 18 19 22 23 24 27 28 31 32 33 35 38 40 41 42 45 46 48 50 51 53 54 55 56 58 59 61 62 65 66 67 68 70 71 73 75 78 81 82 85 86 88 95 98 99
4 5 6 7 9 10 11 13 14 15 16 18 20 21 22 24 25 26 27 28 29 30 32 33 34 35 36 37 38 39 40 41 43 44 45 46 48 49 50 51 52 54 55 56 58 59 60 61 62 63 64 65 66 67 68 70 71 72 73 74 75 76 77 79 80 81 82 83 84 85 86 87 88 89 90 91 92 93 94 95 96 97 98 99
1 2 3 6 8 9 10 11 12 13 16 17 18 19 20 21 22 25 26 28 29 30 33 34 35 36 37 39 40 41 42 44 45 46 47 48 49 50 51 55 57 58 61 62 63 64 65 66 67 68 69 70 72 73 76 79 80 81 82 83 84 85 86 87 88 89 90 92 93 94 95 96 98
1 3 4 5 7 9 10 11 12 13 14 15 17 18 19 20 23 24 26 27 31 32 34 35 36 37 38 39 40 41 45 46 47 48 49 50 53 54 55 56 57 58 59 60 62 64 65 66 67 68 69 70 71 72 73 74 75 76 77 78 82 86 87 88 89 90 91 92 94 95 96 97 98 99 100
1 3 5 6 10 14 18 19 20 23 24 25 29 31 32 36 38 40 41 44 45 46 49 51 55 56 57 58 60 62 63 64 66 77 79 80 81 83 84 85 86 87 88 89 96 97 100
1 2 3 4 5 6 7 8 9 11 12 13 14 15 16 17 18 20 21 22 23 24 25 26 27 28 30 31 32 33 34 35 36 38 39 41 42 43 44 45 46 47 48 49 50 52 53 54 55 56 57 58 59 60 61 62 63 64 65 66 67 68 70 72 73 74 75 76 77 78 79 80 81 83 85 86 87 88 89 90 91 92 93 94 95 96 98 99
1 2 6 7 8 9 10 11 13 15 16 17 19 20 22 23 24 25 27 28 29 31 33 34 35 36 37 41 42 43 44 45 47 49 51 52 54 55 56 57 58 59 60 61 63 64 65 69 70 72 74 77 78 79 80 81 85 86 88 89 90 91 94 95
13 64 95
1 2 4 5 7 8 9 15 16 17 18 19 20 22 23 24 26 27 28 30 31 33 34 35 36 37 38 40 41 43 46 48 50 51 52 53 55 57 58 63 64 65 66 71 73 74 75 76 78 79 80 82 83 87 89 90 91 92 93 94 95 96 97 98 99 100
2 3 5 16 22 23 24 27 30 32 33 37 41 48 51 52 61 66 67 72 76 77 78 82 88 90 94 97 100
72 85
2 3 4 5 6 7 8 9 10 11 12 13 14 16 17 19 20 22 23 27 29 30 35 37 38 39 43 46 47 48 53 54 55 56 58 59 60 61 62 63 64 65 67 68 69 70 71 73 76 78 80 81 82 85 88 89 91 92 94 96 98 99
9 13 28 29 37 44 51 85 88 90 97
4 13 17 18 20 22 23 25 29 32 40 41 43 44 47 49 51 54 55 56 60 64 68 69 91 95 96
1 2 3 4 5 6 7 8 9 10 11 12 13 14 15 16 17 18 19 21 22 23 24 25 26 27 28 29 30 31 32 33 34 35 36 37 38 40 41 42 44 45 46 47 48 49 50 51 52 53 54 55 56 57 58 59 60 61 62 64 66 67 68 69 70 73 74 75 76 77 78 80 82 83 84 85 86 87 88 89 91 92 93 94 95 96 97 98 99 100
3 5 12 14 20 24 26 29 30 32 33 39 46 50 51 52 57 66 68 70 72 74 76 82 84 85 87 89 91 93 98 100
40 60
1 4 5 8 15 16 17 18 22 24 25 26 33 35 37 38 50 51 52 53 55 56 59 60 65 66 69 70 71 73 76 83 87 88 89 95 97 98
1 2 3 4 5 6 7 8 9 10 11 13 14 15 16 17 18 19 20 21 22 23 24 25 26 27 28 29 30 31 32 33 35 36 37 38 39 40 41 42 44 45 46 50 51 52 53 54 55 56 57 58 59 60 61 62 63 64 65 66 67 68 69 70 71 72 73 74 75 76 77 78 79 80 81 82 83 84 85 86 87 89 90 91 93 94 95 96 97 98 99 100
2 5 9 12 13 14 15 16 19 20 22 25 35 37 38 42 44 45 47 49 56 58 61 62 63 64 66 70 71 73 74 80 82 84 86 95 97 98
35 70 92
3 10 12 14 18 24 25 27 29 35 37 38 48 49 51 54 55 56 57 61 62 65 67 85 86 89 91 95 97 98
7 17 19 21 24 30 35 49 51 59 61 65 71 84 85 92
1 19 36 72 92 94
1 2 4 5 8 10 11 13 15 17 19 20 22 23 26 27 29 30 33 37 38 40 41 47 48 49 53 54 55 57 58 59 60 62 64 68 71 72 73 75 76 77 80 82 84 86 87 88 93 94 95 96
19 24 28 30 31 32 42 45 46 49 50 51 57 62 66 71 95
1 2 3 5 6 7 9 10 11 12 13 14 15 16 17 19 20 21 23 24 25 26 31 33 34 36 37 38 39 42 43 45 46 47 48 49 50 51 52 53 54 55 57 58 61 62 63 64 65 66 67 68 69 71 72 74 75 76 77 78 79 80 81 82 84 85 86 87 88 89 91 94 95 96 97 98 99 100
2 5 6 10 11 12 15 23 25 26 28 29 30 39 40 43 46 47 51 52 53 54 57 63 66 67 70 79 80 82 85 87 89 90 91 93 94 95 98
1 2 3 4 5 6 7 8 9 10 11 12 13 14 15 16 17 18 19 20 21 22 23 24 25 26 27 28 29 30 31 32 33 34 35 36 37 38 39 40 41 42 43 44 45 46 47 48 49 50 51 52 53 54 55 56 57 58 59 60 61 62 63 64 65 66 67 68 69 70 71 72 73 74 75 76 77 78 79 80 81 82 83 84 85 86 87 88 89 90 91 92 93 94 95 96 97 98 99 100
1 2 4 5 7 8 9 10 11 12 14 15 17 20 21 23 27 28 29 30 32 34 36 37 38 39 40 42 43 44 45 46 51 52 53 54 55 56 57 59 60 61 63 66 69 70 72 73 75 76 77 78 80 81 82 83 84 85 86 87 90 91 94 96 97 99 100
2 3 5 6 8 9 16 17 22 27 28 32 33 34 35 37 41 45 46 47 49 52 54 56 58 59 60 61 62 63 67 68 72 73 74 78 79 84 86 87 88 92 94
2 3 4 7 8 12 13 16 17 21 24 28 29 32 34 36 40 41 42 44 46 52 58 61 63 66 67 68 70 71 73 76 77 78 81 83 85 88 89 90 93 96 98
1 5 10 15 25 31 37 38 40 43 47 49 75 87 90 94 95
5 10 12 13 19 23 25 27 29 30 33 35 36 38 42 43 47 48 51 58 59 60 64 68 69 71 72 73 74 77 80 81 83 98 99
1 2 3 4 5 6 7 8 9 10 11 12 13 14 15 16 17 18 19 20 21 22 23 24 25 26 27 28 29 30 31 32 33 34 35 36 37 38 39 40 41 42 43 44 45 46 47 48 49 50 51 52 53 54 55 56 57 58 59 60 61 62 63 64 65 66 67 68 69 70 71 72 73 74 75 76 77 78 79 80 81 82 83 84 85 86 87 88 89 90 91 92 93 94 95 96 97 98 99 100
1 3 4 5 6 7 8 10 11 12 14 15 17 18 20 21 23 24 25 26 28 32 34 35 37 38 40 42 43 45 46 47 48 49 50 51 53 59 62 63 64 65 66 67 68 70 71 73 77 78 80 81 82 84 85 87 88 89 91 93 94 95 97 100
-2 7 -2 2 -10 7 -9 -10 -4 6 2 5 -5 5 5 -7 3 9 -4 3 -5 -1 -7 -4 8 -6 -8 6 -4 10 -6 2 2 9 2 -5 2 2 10 -4 7 -6 0 -5 8 -2 6 -7 0 -7 5 8 -9 -4 -5 -3 10 9 -4 3 1 2 -5 -6 8 0 9 3 5 -3 -7 4 6 6 8 -3 0 8 -7 9 -9 8 -10 -3 -5 -5 -4 -6 9 -1 9 -6 8 -8 -9 -9 7 -8 6 -3
-2 0 2 -1 -2 0 3 8 -7 -10 -8 4 9 6 5 3 1 0 6 8 6 -8 0 2 3 10 4 -6 -1 -6 0 8 7 7 -5 4 10 9 -1 -1 -8 8 -2 -3 3 -2 -6 9 3 10 -5 8 -5 1 9 5 9 -2 -9 -5 -4 2 5 -2 -7 6 -10 2 -7 5 -3 -10 1 -6 0 -5 6 -5 -6 -3 4 -6 -10 1 -9 0 -10 9 7 -6 2 -6 -3 9 1 -3 7 9 6
3 -5 -1 1 5 -2 4 3 -9 9 3 -4 8 1 6 -10 -9 -10 10 9 3 -2 4 8 -1 5 10 7 -9 8 3 1 8 5 6 3 6 3 7 7 6 -6 2 -7 9 -4 -5 9 -10 9 -6 10 -4 0 4 -5 4 -10 10 0 -9 2 7 -8 4 9 7 -7 -4 -2 -2 -6 -4 4 1 5 7 0 6 -10 -5 -7 -3 2 6 -10 -10 -5 -1 3 2 10 -8 -1 -1 -4 6 3
-1 9 -8 0 -3 -7 -7 -6 -2 2 -7 8 5 7 0 -6 -10 5 -3 0 -7 -8 -2 -8 10 5 4 -10 -1 6 6 1 -5 2 5 -8 3 9 -5 10 2 0 6 4 8 2 1 3 -9 -5 -1 0 -2 1 -3 9 -8 -10 -8 -9 -6 -7 -9 9 6 8 5 -6 -10 -3 -4 -4 3 1 -6 -2 4 8 -6 -4 -9 2 -10 -4 4 2 7 4 -4 5 -8 -6 -2 6 8 -8 8
6 -8 -3 1 -5 8 -3 8 9 -1 0 10 0 8 10 10 -7 -4 -10 -3 9 2 -6 0 3 7 4 -3 -5 -2 -1 -7 -7 -8 1 -8 -6 -2 -4 -5 -3 5 -9 2 3 -6 9 10 -10 0 3 -8 -8 6 7 -8 -10 5 -3 7 -7 -3 -7 -7 7 4 6 1 4 10 5 5 7 6 8 9 -2 5 -7 6 -7 3 -8 -8 -6 2 1 -4 9 10 8 0 -5 -9 8 9
-10 -9 6 -8 -3 -6 -7 10 10 5 -8 -3 -9 5 8 -1 -7 2 -3 -6 -1 -7 -7 1 2 -10 -2 -8 0 1 3 7 5 4 -10 -7 9 -1 1 -2 -2 -7 3 1 1 -8 -4 10 -3 0 1 1 6 7 2 8 6 7 -3 -2 -10 8 10 8 2 10 10 -8 5 6 4 5 -6 -7 5 -5 0 1 -4 -9 6 1 -8 1 1 7 -4 6 2 0 -3 -5 10 8 8
-1 7 -10 -1 3 7 0 4 1 8 -7 -8 1 7 5 6 -10 2 8 8 8 -5 9 7 -1 0 -4 -8 -6 8 -7 -6 -5 9 -7 1 6 10 3 2 -10 5 -5 0 -4 0 5 -3 -10 7 4 1 2 -4 10 -9 -3 -4 -7 9 0 -1 10 9 0 -4 5 -7 -4 -8 0 -10 -9 2 6 10 6 -3 -3 -3 6 -5 2 -8 10 -2 10 0 -3 7 -5 8 -3 3
-5 -1 -10 -9 -3 -9 -3 0 -9 4 10 1 -3 -7 9 -4 10 10 5 -6 -1 3 -8 -3 -3 10 -1 5 4 -5 -6 7 -2 1 0 -2 -2 -2 -3 3 10 4 9 -7 3 -3 0 4 0 10 -2 4 6 3 2 -7 -1 -5 -10 1 -3 -3 -10 -3 -1 10 -2 0 10 4 8 8 -8 -3 3 1 2 -10 1 -7 3 -4 4 9 7 -4 3 -5 -8 8 4 6 -7
4 10 3 -6 -10 -7 -1 3 8 8 10 1 10 -6 -10 -10 4 -5 1 0 5 -1 -7 -2 5 -4 -9 2 4 10 2 -4 -5 3 5 7 -2 8 -8 6 -4 -10 0 10 1 -5 -1 -3 10 -7 -3 0 1 10 9 1 -9 -1 4 6 -3 -2 -1 3 -4 3 8 -5 5 -2 9 4 -5 -9 -3 -1 -1 -9 -8 8 0 -1 -5 -5 1 -6 2 4 2 2 -10 -4
-4 -2 0 7 -3 1 4 9 0 1 -7 5 -9 5 -6 10 -1 6 0 -8 9 2 -2 -4 0 -3 5 4 -1 8 8 7 -2 -2 4 8 -4 3 -4 -10 7 -8 9 -9 7 -4 -9 7 8 2 -10 5 3 8 4 -5 -9 8 -2 8 -9 7 4 -6 5 10 3 -6 7 -9 -1 -3 2 0 -1 -6 3 -9 -9 7 5 -8 -1 -9 -7 -6 -5 5 -7 10 7
-4 -10 1 -7 -9 -6 -3 6 4 -2 1 -6 -1 -9 8 -6 6 -7 0 -2 -6 1 9 -1 7 7 5 -4 -5 6 -3 10 1 7 0 -5 -3 -1 -7 7 4 -4 -2 -10 -5 1 1 8 1 0 2 -6 7 -6 2 3 5 -1 -7 9 9 -6 2 -10 2 -7 10 2 4 -10 -1 8 10 -5 5 5 5 10 -4 0 6 -5 10 0 -4 -4 2 2 1 -9
10 -10 -5 -1 5 -2 8 3 1 -8 5 2 -8 7 -5 1 10 -6 -3 6 -2 3 -3 5 -9 6 9 -1 -5 9 10 8 -7 2 -5 -1 -6 1 -3 -8 3 3 7 -5 4 5 -7 -8 1 4 -9 -5 -4 8 3 10 -2 3 10 -2 -2 7 -2 4 1 10 5 -8 -6 9 2 2 -6 -5 8 -3 9 -7 8 7 9 10 -2 1 -6 5 3 -3 6
9 10 8 6 -7 1 -6 6 -5 7 7 -1 -6 -3 2 -4 -6 -7 3 9 3 -7 -1 -7 4 9 -8 6 -7 7 -6 -9 -2 -4 -4 -5 5 3 1 -6 9 3 2 -5 6 9 -6 -9 -8 -6 10 10 9 -3 -5 -1 -5 -3 -4 3 -6 10 2 8 -9 1 1 10 -6 -4 -5 8 -6 -2 8 3 -9 8 10 1 10 -7 8 2 0 8 10 1
10 -10 7 9 -4 3 3 -6 9 3 -4 10 -9 3 -10 7 -3 0 -2 -7 -5 8 -9 10 6 2 9 -6 -4 5 -7 5 -7 0 8 -4 3 4 8 3 -5 2 4 -10 9 3 4 -3 3 -10 9 2 -4 2 -10 2 -5 -8 3 8 -8 -9 5 -4 0 -1 -5 10 8 1 1 -7 2 -1 -10 -2 -4 5 -1 -3 6 4 -7 -3 -10 9 -6
6 4 9 -6 8 -9 5 -7 2 -6 7 -5 0 10 7 0 1 -7 7 10 8 10 -8 -3 1 5 5 6 -6 -4 5 1 -10 -2 -7 6 5 9 4 -7 8 -2 -3 -9 -10 0 -4 9 5 10 8 5 8 -10 10 -3 -5 3 6 5 10 7 -7 3 -10 -10 -5 -3 10 1 10 10 -6 -4 9 7 -9 -6 5 4 8 -5 7 -8 0 9
-1 5 -4 -4 -3 4 -1 -10 9 8 -6 0 2 5 -10 9 -4 -4 -8 1 2 5 -6 9 2 -6 -5 0 -6 -2 7 -5 -2 -2 -6 -8 4 -1 -9 4 -6 -6 -10 5 10 0 3 4 8 3 -4 6 2 -9 -2 9 8 -10 -5 -6 -1 -7 -8 -6 9 1 -3 -6 -6 -6 9 6 4 -8 -2 7 1 7 -6 -2 -5 8 -4 -2 3
-4 -8 -7 7 -1 -8 -4 8 0 2 -6 8 -8 2 7 0 6 -2 -7 -5 10 -2 -4 -3 -8 -3 -5 4 -8 -10 8 6 4 6 6 2 1 -7 2 -3 3 9 -8 -9 8 -9 10 0 0 10 0 -1 -9 -9 2 -3 10 -7 -8 -5 -6 6 -3 -8 8 3 -9 4 -5 6 1 3 -4 10 -8 1 -7 4 -6 8 -5 -1 6 8
4 7 2 -5 -9 -1 -10 -8 6 -6 3 -9 0 4 -9 -1 10 8 -10 6 5 4 9 8 10 -1 -6 -8 8 4 -6 1 -5 -4 -7 -4 5 1 7 -8 8 1 6 -6 -9 -2 8 -10 6 5 3 -6 10 -2 -8 -8 -5 0 6 1 -1 -4 5 0 5 9 -3 2 3 9 -9 -4 0 -8 7 4 -3 -2 6 -7 8 3 -1
2 -4 6 2 5 4 -6 10 0 -3 -1 -4 6 1 4 4 -9 -4 0 1 4 -1 1 -3 10 3 8 2 4 1 -1 -3 8 -3 -10 3 3 0 -6 -2 8 6 -6 -8 8 8 2 -7 1 -6 -9 8 10 5 -6 -5 3 -10 -7 2 1 4 -9 -4 10 -5 -10 -4 3 6 -3 -1 1 2 2 4 -9 10 1 -8 -7 1
2 8 -8 -8 5 -8 8 -1 6 7 4 4 3 0 8 2 -9 1 8 6 8 -3 1 5 -7 1 10 -10 7 -2 -8 5 8 0 0 5 1 -9 -4 3 -10 2 -8 4 7 3 5 -5 9 -9 4 -3 -1 10 6 -1 -4 -4 4 9 4 7 0 1 -7 4 -7 -5 6 7 -2 -1 4 -3 -7 0 -9 -5 -6 -8 -1
3 2 0 7 5 -8 10 -10 1 -9 -8 2 3 10 3 6 8 10 -2 4 -6 -3 -7 6 -10 -1 -5 7 -6 8 4 10 1 9 1 6 4 -4 9 5 9 -8 1 -3 4 2 8 6 -5 4 -9 -8 -4 -3 8 1 -2 6 -9 -9 -6 4 -9 2 2 -7 -2 7 5 -1 4 -5 -9 -5 -1 -4 -4 -10 -8 -4
3 -3 6 -1 -2 5 -10 -6 5 1 8 -4 7 5 -2 1 4 -1 0 5 0 2 1 -10 -6 -2 3 -9 4 -5 -5 -10 -6 -5 -9 0 7 -2 7 -6 0 1 -4 4 -5 3 -4 3 -8 -1 7 -2 6 9 2 1 5 -1 9 3 -5 2 -1 -1 -6 0 -6 7 6 -5 -3 -4 -8 3 -2 2 8 -2 0
6 9 -5 7 -5 8 2 -2 -1 -5 0 -8 4 9 7 10 -1 -5 -1 -3 -7 7 -9 -2 -6 2 2 -2 -6 -1 5 3 10 -6 5 -3 -3 -7 -3 -5 -3 -9 -7 2 -8 10 8 0 -8 -5 -3 6 2 8 5 9 -4 2 3 -8 -10 -2 6 5 7 5 4 1 1 -8 -1 0 6 -2 3 -6 9 4
9 10 -9 10 -2 -1 1 -2 5 10 -8 -4 4 9 9 5 -8 -2 -9 9 -6 5 -10 -5 9 -1 -3 8 -5 8 -1 6 1 6 -3 -3 -5 7 -2 9 -6 9 7 0 -7 6 -9 7 -1 2 7 2 9 5 4 -4 8 -4 -9 -7 1 6 9 4 -4 4 1 -5 -2 -6 -4 7 7 -9 -8 -5 -6
10 9 -5 5 -7 -4 6 5 0 -7 4 1 5 5 -5 -2 8 5 -5 -1 -4 -4 -8 8 -1 2 -8 -9 5 9 -1 -9 -1 1 4 3 1 4 2 4 4 0 -1 6 -7 2 -9 -7 -4 -1 4 -9 -2 -10 -8 3 2 5 -8 5 0 -9 4 10 2 3 7 -8 -8 -4 3 -10 -3 1 8 -9
7 0 -9 9 -7 -6 -5 2 0 -6 4 9 3 6 -9 2 -6 -3 -5 10 9 1 10 3 10 -10 -6 4 -10 -10 0 1 0 1 -2 2 -4 -9 1 -1 3 0 6 -8 5 -8 -6 7 -3 -2 -4 -8 -3 6 -5 -7 8 -1 0 9 1 7 2 1 -10 10 -2 -10 7 7 2 -7 0 -5 4
2 -9 2 1 10 2 -2 5 -3 -7 10 -6 -4 -7 -3 7 6 8 -9 -5 -4 -8 -1 -1 -1 8 -3 -3 10 -1 6 -5 8 3 8 -7 2 0 2 0 -4 1 -4 -3 3 -5 10 1 4 -8 -9 1 -4 -1 5 -9 -6 -9 0 6 9 -2 -2 -1 -7 9 -7 -9 7 -5 2 -1 5 -10
-6 9 -1 -5 5 -8 2 -2 -2 -10 -5 -4 8 9 -8 0 -2 -6 2 4 -8 9 -1 -8 9 -5 -2 4 9 -6 8 7 7 -5 -4 2 -8 -9 8 6 10 -4 10 1 1 -1 4 2 9 -2 3 -9 -2 -3 -3 -5 8 7 -3 -4 5 -3 3 -2 2 -7 6 3 10 6 7 8 5
10 -9 -9 0 -5 -3 -1 8 10 2 9 -1 8 -6 -10 2 7 0 5 0 -1 5 10 -9 -5 7 5 8 10 -10 3 8 1 -10 6 10 -2 1 8 -4 -7 -10 10 -5 -10 8 5 -3 -9 9 -10 -1 -5 8 9 -9 -10 1 4 4 9 6 3 -2 -7 -4 -7 7 0 -8 -10 1
0 1 -8 8 1 10 -6 -9 -6 -7 8 -8 -9 -8 -8 6 8 -6 -4 -4 -4 -4 -2 -10 10 -10 -9 9 -7 9 -6 -4 4 8 -8 -5 10 -3 -3 -5 -5 9 -2 -4 7 8 -8 1 4 1 3 -10 4 4 -7 -6 -5 -8 7 -3 -8 10 1 -5 -8 -4 -6 -8 -3 -6 2
0 -2 9 4 6 8 10 -8 1 5 -6 3 3 -3 6 10 -5 -10 -1 -1 -1 -8 3 10 9 10 -2 -9 -3 -2 0 10 -3 -1 5 -2 -10 9 2 6 7 -1 9 -1 -3 2 3 0 -2 -2 2 3 9 -1 -2 -8 7 7 -4 4 -6 -8 10 4 -1 -10 -4 -9 0 4
1 -6 -1 5 -1 -1 1 10 -3 -5 -2 4 6 9 9 3 3 3 -7 7 1 8 4 6 -5 -10 9 10 -8 3 -3 -8 -9 7 10 -3 -2 -4 10 -3 -6 4 7 9 -5 5 4 -3 -3 1 3 3 3 6 -3 -10 -8 4 -2 3 10 10 -5 -5 7 4 -10 -4 -1
9 -9 2 -4 -2 -10 -6 3 -5 3 -2 -9 2 -4 -5 -8 1 -10 -5 4 5 -5 -8 3 3 -6 7 9 10 -8 4 -5 -1 -2 -6 6 3 8 -8 7 -8 -3 -5 5 2 -2 5 -4 2 2 -6 1 4 -3 6 10 6 1 8 6 10 -4 -9 9 -1 3 10 -8
5 -3 8 1 10 -5 -6 2 -8 -3 -10 -9 -1 10 -2 10 8 3 5 -5 4 7 -9 7 -10 -2 -1 -9 -10 -3 0 -6 3 -10 -2 5 -3 -5 7 7 -6 7 -9 -4 3 -9 -10 9 10 3 -5 -4 -2 2 8 -4 8 2 10 -9 -8 -10 -7 5 -3 1 1
2 -10 9 0 6 -8 3 0 0 1 8 -8 3 1 -5 -4 5 4 -1 -8 2 0 7 -10 5 8 -3 -3 8 -9 7 -10 -1 -1 6 6 -6 0 2 7 10 1 9 -5 3 -4 9 10 -3 -5 8 -6 -1 4 8 -6 10 0 -9 5 -8 6 -3 6 -4 1
-4 -4 4 9 3 -8 -6 0 7 1 4 1 -2 -7 0 -10 -6 5 -8 -5 -4 1 -6 -10 3 -6 5 -9 -7 -5 -5 6 10 7 -8 8 -6 -6 9 -7 -7 10 7 -10 9 -1 -1 5 -2 6 5 -7 -6 6 -5 1 5 -1 -9 7 4 3 -3 -8 -1
9 -2 -7 5 4 7 10 2 -6 -3 -8 8 7 -4 6 10 -7 0 1 3 0 7 3 2 0 5 3 2 -1 5 3 -4 4 -7 9 3 -8 -9 -5 -6 7 -5 4 8 -9 -3 0 3 -6 7 -1 -6 -2 -10 3 8 9 2 -2 -8 -1 7 6 9
-3 10 -10 5 10 10 -9 -8 2 0 3 -2 -8 8 4 7 -6 0 5 -5 3 -1 -1 -4 -10 -7 -10 10 -2 -3 8 4 -7 -4 -5 10 -10 -7 8 -9 -7 7 -6 5 5 10 -1 9 -9 10 4 -4 -10 8 4 10 -7 3 -2 8 4 -1 1
-1 5 -5 -1 0 -7 1 0 1 6 -5 10 -5 -10 4 7 10 4 -4 10 1 -7 -2 -8 2 0 10 -10 10 -5 -8 -4 10 7 -1 -9 10 -7 1 4 -10 9 -10 1 1 10 4 -2 -2 5 3 -3 7 4 -10 2 1 9 9 -10 4 5
7 -2 4 -4 7 -7 1 -5 -4 -3 10 -1 0 -5 -9 -5 9 9 2 -8 0 1 1 -10 -4 0 -5 4 -6 9 -1 7 -8 6 0 7 6 6 -7 -7 -1 -3 -3 -7 -4 -2 6 -8 -10 -4 5 -8 7 -4 10 9 -10 5 3 -8 10
-6 6 -1 -3 2 1 1 -5 -8 8 1 -10 -1 -2 -1 1 9 -9 3 -1 -7 -5 -9 -8 5 6 3 -5 10 4 -1 6 -4 1 -5 -9 4 -8 0 -8 -10 1 8 10 7 -10 -7 -3 -4 -8 -8 -7 -5 -9 7 -1 -10 2 5 2
10 -3 0 7 2 8 -4 8 -9 3 -3 2 -1 -4 2 -5 -8 -9 2 -10 -6 8 4 3 -2 -3 -10 7 7 3 10 9 -8 -8 1 0 9 4 9 -2 -4 3 -1 8 -7 -10 0 0 -3 0 5 0 -10 4 -4 0 8 6 -2
9 7 5 0 10 -10 -2 2 9 -5 3 -10 -6 -5 -8 2 -8 -5 -6 -2 -3 0 5 5 -4 -5 -5 8 -4 -9 -10 7 0 3 10 -6 2 -1 -3 2 -6 -4 2 -2 4 6 1 9 1 5 7 -2 6 -10 -7 7 -6 -8
-7 -5 -6 4 3 2 -9 0 5 3 -10 -2 6 4 -2 -5 -10 -2 10 9 -1 0 -1 -7 -9 -8 9 1 -5 -7 7 -10 -1 6 4 2 -1 5 9 10 3 7 -2 -10 -5 6 10 -5 -2 -7 -3 -5 -8 5 -8 3 10
10 7 -3 10 -2 -5 -8 -9 2 0 0 5 -8 10 2 -5 -4 4 -5 -4 0 5 8 2 6 8 -8 5 3 -8 2 10 -3 2 -2 -8 6 -2 -9 3 -3 8 -8 -6 -1 7 4 -4 -5 -8 9 -3 -10 10 7 -3
7 -7 -6 5 -4 -5 3 8 -4 -7 -3 8 9 -5 -2 -9 -9 -1 0 -9 -10 3 0 -9 -3 -5 -7 1 7 7 4 -2 7 6 -4 -9 4 -9 -6 9 10 -1 4 1 -5 3 3 -8 4 -6 6 -2 7 -9 5
-4 8 -4 0 -10 5 8 -5 8 -6 8 -8 -7 -7 -7 6 -1 -9 8 -9 -1 2 0 -9 -8 3 -8 9 0 -9 2 -7 1 0 8 -9 -4 -2 2 -2 -9 10 0 3 -4 -5 7 0 3 -5 -9 4 7 -7
3 -8 -2 5 9 3 3 0 -10 -4 -2 -1 -10 -10 -9 -6 1 10 -1 5 -3 2 4 -3 0 0 -4 4 5 5 -1 0 -5 5 -9 3 1 0 -9 9 -5 0 9 10 -8 8 8 -6 10 7 7 4 -2
4 -4 -8 -1 3 -6 -9 4 -6 4 9 9 8 -9 3 2 -2 4 -10 -3 -3 1 7 -3 1 -8 2 4 5 6 -2 -4 6 -1 -10 -3 4 7 2 10 4 -4 -4 9 3 10 6 7 7 2 7 3
3 -5 6 4 10 -7 -10 -4 -5 -2 6 6 7 -1 -7 -5 8 8 -3 6 -2 -2 5 10 5 1 -7 0 -5 -7 -6 10 8 1 -4 10 6 -8 4 4 3 -10 7 7 9 7 3 -6 -7 -3 -2
10 -6 5 1 -8 4 -8 -3 8 6 5 5 -2 1 3 8 3 2 2 6 -2 1 6 -7 3 5 -3 4 -9 -7 7 0 9 5 6 -1 4 -10 -3 -7 -1 -9 -9 2 -6 6 -3 -1 -4 10
-9 7 -5 -8 3 4 10 -9 -4 -9 0 -10 4 6 -1 -3 -2 10 -3 -1 8 -7 6 10 -7 3 -10 -9 -4 -7 10 2 10 9 -6 -9 8 -1 5 -3 -2 -9 9 0 -10 10 -4 3 -2
-5 10 3 -9 6 -8 8 -4 -6 -4 6 10 7 10 1 4 0 -3 4 9 7 -9 5 0 -8 -6 -10 -6 -5 8 7 -1 9 1 -6 1 -1 -4 5 4 2 -9 -5 -7 1 8 5 -2
-2 6 9 7 -10 4 -1 -6 -8 4 -3 10 -9 -9 -7 10 5 4 -3 -2 3 -7 8 8 0 -3 -8 6 0 9 -1 5 2 2 -10 7 7 7 -10 7 -3 -8 -9 7 -3 9 1
-10 7 -3 5 4 9 8 -9 -1 -4 -4 -3 -10 -7 -2 5 -7 8 -1 4 -5 3 -6 3 0 5 0 -1 -7 3 5 4 -3 -4 1 -7 0 2 -7 -9 -10 -10 8 -7 9 5
0 5 -2 5 -7 -9 -8 7 -1 10 4 0 -6 6 4 -5 4 -9 9 -7 -4 4 6 9 1 1 -1 6 8 2 10 -1 5 -7 5 5 9 -6 10 3 5 9 7 -9 1
8 3 3 4 -8 7 -7 7 -10 7 -4 1 -7 -8 4 9 -6 -8 -1 -1 5 -1 -5 10 -3 2 -5 5 -10 6 -1 10 7 10 8 7 3 10 1 -3 5 5 7 -4
2 -5 -1 8 10 -9 1 0 10 -2 -3 4 -8 2 -1 7 -6 -10 7 -1 9 -6 -9 1 7 -5 -10 -5 -10 5 10 -6 -3 10 -5 -8 -3 -4 -5 -2 -6 -5 9
-2 -8 4 10 -5 -1 -7 -2 8 2 -5 -10 4 -3 -9 2 1 -3 2 5 5 -1 1 6 -10 -7 8 2 3 4 0 -1 10 0 -10 10 8 6 -4 8 6 -7
8 -1 -7 -9 3 6 -9 3 4 -1 0 -1 2 6 3 10 9 8 -2 0 -7 -4 -3 10 -1 6 -6 10 -2 5 -7 9 -8 5 -2 -8 2 5 3 2 7
-7 -6 -5 0 -9 4 -9 -1 9 10 -7 -4 -6 5 -8 -6 -7 10 -8 -2 9 -9 0 -1 -1 -4 -7 6 4 5 5 -8 -10 -4 2 2 7 7 7 -1
0 -7 -6 -9 7 -2 5 -3 -4 1 -3 5 3 -5 0 -8 7 -2 -5 10 -4 -1 -10 -10 -4 3 1 -5 -3 6 4 4 -8 7 -1 -4 1 2 7
6 -4 3 -8 3 9 8 -4 3 2 7 3 5 10 5 6 9 -7 -9 -5 2 0 -10 2 -5 -1 -1 10 -5 -8 -6 -2 -5 -5 -1 0 -4 -9
-4 -6 0 3 -6 -2 3 -2 6 0 -3 -7 3 10 -5 8 9 -5 -2 2 0 -2 -8 -7 -2 5 -1 -6 -8 -1 -10 -4 -4 -8 9 5 -3
3 -8 -5 5 -10 -3 -4 2 2 2 -8 6 -2 4 2 3 -2 -8 8 5 1 8 -10 3 9 4 10 -2 -10 2 -10 -4 -9 -10 -6 -2
-8 -2 -8 -6 0 4 7 -3 -5 -5 -3 8 9 -4 -8 4 10 -6 -7 -10 -8 2 -6 4 -6 -1 0 -10 -2 5 -1 6 8 -10 2
-5 8 -5 -6 -9 -10 4 -2 -1 9 0 0 -3 -9 9 10 -8 6 10 10 -8 8 1 1 10 0 -7 9 9 -9 -10 -6 -9 3
2 -6 1 -10 1 -3 8 7 4 10 4 -4 1 -2 5 4 -1 5 8 3 -1 -3 -3 8 4 1 9 -10 -9 7 7 6 1
6 -5 -5 -8 -7 0 -6 8 -10 -8 -2 -4 -5 0 2 1 0 -8 8 -7 1 7 -1 7 -7 7 5 8 -3 -3 0 -7
3 -3 -4 5 -7 5 5 -7 -3 -5 -5 3 9 -1 6 -7 1 9 4 -4 -8 6 -8 -4 -10 -2 -3 1 2 6 8
-7 -3 -10 3 4 -9 -7 -7 0 5 -10 -10 3 0 2 -9 4 -5 0 -5 -9 4 -10 -5 10 -8 -2 -2 8 -7
7 1 -10 -7 1 4 2 -4 -10 3 3 -2 0 4 -1 0 -2 7 -3 -2 1 -1 10 7 9 -8 6 1 0
3 -7 9 -10 -4 -6 2 -7 3 -7 -7 -3 1 3 -3 -10 -5 -6 10 -10 8 7 -3 -3 6 -8 -1 7
8 -5 9 9 -9 8 10 9 9 -4 -6 -1 9 1 -6 1 6 -9 7 -3 3 -8 -7 1 -3 -5 -6
4 -4 9 10 -8 -3 8 8 -6 -2 -7 8 10 -5 1 9 -6 -5 8 4 -3 -8 -8 -1 9 -8
2 7 1 -9 0 -9 -3 -10 -10 -8 -1 7 -6 -7 8 0 0 -4 -9 9 10 10 -5 6 7
-3 -7 8 0 8 1 9 -2 4 1 1 1 0 -2 -9 -3 -8 6 7 -10 10 -6 -4 5
-1 -9 -10 -7 -9 8 0 7 -3 10 1 -4 9 -9 9 1 0 -7 -1 2 1 -3 0
-6 4 7 -7 10 3 1 2 -5 -8 -9 -5 -2 -2 -9 6 4 -10 -2 -8 3 -4
-10 -10 -8 1 -4 -10 -9 1 -2 7 3 -10 -5 -4 -4 9 2 -9 3 5 -5
-6 5 -9 5 -5 -6 10 -1 8 -5 7 -8 -9 8 -1 -6 3 -4 -2 8
9 7 3 -8 4 3 10 4 2 2 -7 -6 -5 2 2 -9 -10 7 0
-9 5 -7 10 -7 7 -5 -5 7 -7 -8 -6 0 2 5 8 -7 10
-6 -3 0 9 -5 8 5 -9 -3 8 8 1 -7 1 7 9 8
1 -5 -5 -7 -10 4 1 5 8 7 1 -2 -9 6 10 -8
9 8 -5 -4 9 -10 2 9 7 -5 -8 -3 9 -7 2
-6 -1 -10 -2 -8 9 -4 -10 -7 4 0 2 7 -9
-5 3 3 3 -6 3 1 6 -8 -4 -10 -6 7
8 5 4 3 -5 -8 -4 8 7 -9 6 -10
10 -9 -10 2 3 -2 6 -3 0 8 -7
7 7 -5 2 4 -4 -2 1 4 0
9 0 -9 8 4 2 -4 10 -2
1 6 4 0 -6 1 -7 2
9 -6 -8 1 0 9 -9
-2 5 9 2 -3 8
-5 -5 -7 -3 7
0 -8 -3 3
-3 1 -3
9 5
-4