100
92 14 75 56 83 80 52 93 74 3 68 15 22 31 49 83 82 92 80 18 48 35 50 43 75 37 22 6 88 83 2 30 45 30 52 79 84 6 13 47 84 61 47 46 37 85 54 23 47 67 23 33 36 13 21 45 95 21 72 94 44 37 85 13 64 34 78 81 56 4 59 36 38 97 47 94 18 89 84 49 34 26 62 11 74 25 50 47 28 89 85 41 35 11 76 2 48 56 91 27
1 2 3 4 5 6 8 9 10 12 13 14 15 17 18 19 20 21 22 23 24 25 26 27 28 29 30 31 32 33 34 35 36 37 38 39 40 41 42 43 44 45 46 47 48 49 50 52 53 54 55 58 59 60 61 62 63 64 65 66 67 68 69 70 71 72 73 74 75 76 77 78 79 81 82 83 84 85 86 87 88 89 90 91 92 93 94 95 96 97 98 99
2 13 14 15 21 32 34 48 62 67 70 87 94 95
1 2 4 5 7 8 9 11 12 13 15 16 17 18 20 21 22 24 25 27 28 30 31 34 35 36 37 38 39 41 42 43 44 45 46 47 50 51 52 53 54 55 56 57 59 60 62 63 65 66 69 70 71 72 73 74 75 77 78 79 80 81 82 83 84 87 88 89 91 92 93 95 96 97 98
2 3 4 5 6 7 8 10 13 14 15 16 20 21 23 25 26 27 28 29 30 35 37 38 39 41 42 45 46 48 50 53 58 61 63 64 65 66 67 68 69 70 73 74 76 78 80 83 84 85 86 87 88 89 90 99
1 2 5 6 7 9 10 11 12 13 15 16 17 18 19 20 21 23 24 25 26 27 28 29 30 31 33 34 35 36 37 38 39 41 42 43 45 46 47 48 49 50 51 53 55 57 58 59 60 62 63 64 65 66 67 68 69 70 71 72 73 75 76 77 78 80 82 83 85 86 87 88 89 90 92 93 94 95 96 97 98 99 100
1 2 3 4 5 6 7 8 9 10 11 12 13 14 16 18 19 20 23 24 26 27 29 30 31 32 33 34 36 37 38 39 40 41 42 43 44 46 47 48 49 50 51 52 55 56 57 58 60 61 62 64 65 67 69 70 71 72 73 76 77 78 79 80 81 82 83 84 87 88 89 90 91 92 94 95 96 97 99 100
2 3 7 10 11 12 13 14 16 17 19 20 24 25 30 31 32 35 36 37 38 40 43 44 47 49 50 52 53 54 56 57 58 59 61 63 65 66 70 71 72 76 79 80 81 83 86 88 96 97 98 99
1 2 4 5 6 7 8 9 10 11 12 13 14 17 18 19 20 21 22 23 24 25 26 27 28 29 30 31 32 33 34 35 36 38 39 40 41 42 43 44 46 47 48 49 50 51 52 53 54 55 56 57 58 59 60 61 62 63 64 65 66 68 69 70 71 72 73 74 75 76 77 78 79 80 81 82 83 84 86 87 88 89 90 91 92 93 94 95 96 97 98 99 100
1 3 5 7 8 9 10 11 12 14 15 17 19 20 21 23 28 29 31 33 34 35 37 38 40 43 44 45 46 47 48 49 50 51 52 53 56 57 61 63 64 65 66 67 68 69 70 71 72 74 75 76 77 78 79 80 81 82 83 84 85 86 87 88 89 90 91 92 93 94 97 98 99 100
48 58 76
1 2 4 5 6 7 11 12 13 14 15 16 18 20 22 24 25 26 27 28 29 31 32 33 37 41 42 44 45 46 47 49 52 53 54 55 57 58 59 60 61 62 63 65 67 69 70 71 72 73 74 75 76 81 82 85 86 87 88 89 91 92 93 94 95 97 99 100
4 16 20 22 26 35 38 50 55 61 66 78 90 96 99
8 11 13 21 23 26 28 42 46 51 53 60 66 67 69 70 72 91 94 95 98 100
8 9 11 12 13 19 20 24 25 28 31 32 34 35 36 38 43 44 45 47 49 50 60 63 70 83 84 86 87 90 94
2 3 5 6 7 8 11 14 15 16 18 19 20 21 25 26 28 29 30 32 33 40 41 42 43 44 46 51 52 53 54 55 60 64 65 66 68 70 71 77 82 87 88 90 91 92 95 97 100
1 2 3 4 6 7 8 9 10 11 12 13 15 16 18 20 21 22 23 24 26 27 28 29 32 34 35 36 37 38 39 40 41 42 43 44 46 47 48 49 50 51 52 53 54 57 59 61 64 65 66 67 68 69 70 71 72 73 74 76 77 78 79 80 81 82 83 84 85 86 87 88 89 90 91 93 94 95 96 97 98 99 100
1 2 3 4 5 6 7 8 9 10 11 12 13 14 15 16 17 19 20 22 23 24 25 26 27 28 30 31 32 33 34 36 37 38 40 42 43 44 45 46 47 48 51 52 53 54 55 56 57 58 59 60 61 62 63 64 65 66 67 68 69 72 75 77 79 80 81 82 84 85 86 87 89 90 91 92 93 94 95 96 98 99
1 3 4 5 6 7 8 9 10 11 12 13 14 15 17 18 19 20 22 23 24 25 26 27 28 30 31 32 33 34 35 36 37 38 39 40 41 42 43 44 45 46 47 48 49 50 51 52 53 54 55 56 57 58 59 60 61 62 65 66 67 68 69 70 72 73 74 75 77 78 79 80 81 82 83 84 85 86 87 88 89 90 91 92 93 94 95 96 97 98 99 100
1 2 3 4 5 6 8 9 10 11 12 13 14 16 18 19 20 22 23 24 25 26 27 28 33 34 35 37 38 39 41 42 44 45 46 49 50 52 53 54 55 56 57 58 59 61 62 63 64 65 66 67 68 69 70 71 72 73 74 75 76 77 78 79 80 81 82 84 85 87 88 89 92 93 94 95 96 98 99 100
2 8 9 13 23 24 34 36 37 62 70 71 72 76 82 84 86 90
1 2 3 4 6 9 14 16 20 21 23 24 26 27 31 36 39 42 43 44 45 46 47 48 51 54 56 57 58 60 63 64 65 69 70 71 75 79 80 82 84 85 91 93 94 95 98 100
3 5 9 11 17 19 22 23 24 25 27 33 34 36 37 39 44 47 49 52 55 56 57 60 65 69 74 79 83 88 91 96 98 99 100
1 2 5 6 9 11 12 17 20 21 22 23 25 27 28 29 30 31 33 34 36 39 40 42 43 44 45 47 51 53 54 56 58 59 65 71 75 80 81 83 84 87 88 89 90 92 93 96 97 98
2 4 6 7 8 11 12 13 14 15 17 18 22 29 35 36 37 43 46 48 54 55 56 57 59 61 63 65 69 72 73 74 75 77 80 82 84 86 87 90 92 94 96
1 2 3 4 5 7 11 12 13 14 15 16 17 18 19 20 22 23 24 25 26 28 29 30 32 35 36 37 38 40 43 44 45 46 47 48 50 53 54 55 56 58 59 61 62 63 64 65 66 67 68 69 72 74 76 78 80 81 82 83 85 86 87 88 89 90 91 92 93 94 95 96 97 98 100
5 10 11 16 19 22 23 26 31 34 35 36 38 40 46 48 55 57 58 60 61 62 64 65 66 67 68 79 82 85 86 87 92 93 96 98 100
11 13 17 18 26 37 39 45 46 47 48 69 74 75 76 82 83 86 88 89 90 99
9 15 28 42 61 68
1 2 3 4 5 6 7 8 9 10 11 12 13 15 16 17 18 19 20 21 22 23 24 25 26 27 28 29 30 32 33 34 35 37 38 40 41 42 43 44 45 46 47 48 49 50 51 52 54 55 56 57 58 59 60 62 63 64 65 66 67 68 69 70 72 73 74 76 77 78 79 81 82 83 84 85 86 87 88 89 90 91 92 93 94 95 99 100
1 3 6 7 8 9 10 11 13 14 15 16 17 18 19 20 21 22 24 25 27 28 30 31 33 34 35 36 38 39 40 41 42 43 44 45 46 47 48 49 50 51 52 53 54 57 58 59 60 61 62 63 64 65 66 68 69 70 71 72 73 74 75 76 77 79 80 81 82 83 84 86 87 88 89 90 91 92 94 95 96 99 100
73 81
4 5 10 13 14 15 20 21 24 36 37 39 41 46 47 49 58 61 68 71 74 82 83 85 86 92 93 94 99 100
1 3 4 5 8 9 12 15 16 17 18 23 25 28 29 32 34 36 37 40 41 42 44 48 53 54 56 57 59 62 63 64 65 66 67 68 72 73 78 81 82 84 87 96 100
2 5 7 8 11 14 17 18 19 20 21 32 33 35 36 39 40 43 45 49 52 57 65 72 75 77 78 81 85 99
2 3 5 7 9 11 12 13 15 23 25 26 28 29 32 33 34 36 37 38 39 40 41 42 43 45 46 47 48 50 51 56 58 61 63 64 70 74 75 77 78 79 82 83 84 86 87 93 94 96 99 100
1 2 3 4 6 8 9 12 14 16 17 19 20 21 22 23 24 25 26 27 28 29 30 31 32 33 34 35 36 37 38 39 40 41 42 43 44 45 46 47 48 49 51 52 55 56 59 60 61 62 63 64 65 66 67 68 69 70 71 73 74 75 76 78 79 80 81 82 83 84 85 86 89 90 91 92 94 97 99
3 5 6 7 8 10 11 12 14 15 16 17 19 20 21 22 23 24 25 26 27 28 29 30 31 32 33 35 38 39 40 41 42 43 44 45 46 47 49 51 52 53 54 55 56 57 59 60 61 62 63 64 65 66 67 68 69 70 72 73 74 75 76 77 78 79 80 81 82 83 84 85 86 88 89 91 92 93 94 96 97 98 99 100
10 11 14 24 44 82
10 11 15 23 36 45 46 48 51 61 64 68 100
1 3 4 6 7 8 9 10 11 12 15 17 18 19 22 28 30 31 32 34 35 36 38 39 40 42 43 48 51 54 55 56 61 65 75 76 77 84 85 87 89 91 92 94 95 96 97
1 3 4 5 7 8 9 10 11 12 13 14 15 18 19 20 21 23 24 25 26 27 28 29 30 31 33 34 35 36 38 39 40 41 42 44 45 46 47 48 49 50 51 52 54 55 56 57 58 59 60 61 62 63 64 65 66 67 68 70 71 72 73 75 76 78 79 80 81 82 83 85 86 87 88 89 90 91 92 93 94 95 98 100
1 2 3 4 5 6 7 9 10 11 12 13 14 17 18 19 20 21 22 23 26 27 31 32 33 35 36 38 42 43 44 45 46 48 51 53 55 57 60 61 62 66 67 69 70 71 74 75 77 78 79 80 81 84 85 87 89 94 96 97 100
1 6 9 13 14 15 16 17 18 19 20 24 30 34 35 38 39 40 43 44 46 47 49 54 59 62 63 64 65 66 68 69 70 71 72 74 80 81 86 89 91 93 95 96 98 99 100
1 2 4 5 6 11 12 13 14 16 18 20 23 25 28 29 31 37 38 39 41 43 44 47 49 53 54 55 62 63 69 70 74 76 78 80 81 83 84 86 91 92 93 96 98 99
6 10 11 14 15 18 21 27 29 32 35 36 39 41 42 44 46 47 51 53 55 56 65 69 73 74 75 78 84 86 88 89 92 93 96 97 99
1 2 3 4 5 6 7 9 10 11 12 14 15 16 17 19 20 21 22 23 24 25 26 27 28 29 31 33 34 37 38 39 40 41 43 44 45 46 48 49 50 51 52 53 54 55 56 57 58 59 60 61 62 63 64 65 66 68 69 71 72 73 74 75 76 77 78 81 82 83 84 86 88 89 90 91 92 93 94 95 96 97 98 99 100
2 5 6 8 9 10 12 13 14 15 16 18 20 25 26 30 31 32 33 34 35 36 38 41 43 48 49 50 51 53 54 56 59 60 61 65 66 69 71 72 73 75 76 81 82 83 85 87 93 95 96 97 99 100
1 4 5 8 10 28 32 35 38 39 50 55 59 65 66 70 72 73 76 78 85 92 96
1 2 3 4 6 7 8 10 13 14 15 17 20 22 26 28 29 30 31 34 37 40 44 45 46 47 49 50 56 61 65 67 71 74 75 76 77 85 86 87 89 91 93 94 96 98 99
2 3 6 8 9 10 11 12 13 14 16 18 19 20 21 22 23 24 25 29 30 31 32 33 36 38 40 42 43 44 46 48 49 50 52 53 54 56 57 60 62 65 66 67 68 70 71 72 75 77 78 79 80 82 83 85 86 89 90 91 92 93 94 95 96 97 98
3 5 7 9 18 19 25 27 28 32 35 36 45 53 56 65 69 71 72 77 83 87 94
1 2 4 6 11 16 18 20 23 26 30 32 34 40 45 50 51 55 59 61 65 66 68 74 76 77 78 81 82 87 94 95 99
4 6 10 15 16 17 21 22 23 26 29 31 32 34 38 40 41 50 57 64 66 67 75 77 78 79 80 86 89 90 92 93 94 96 97 98
6 16 20 32 43 45 59 74 78 80 82 92 100
2 3 11 22 24 28 32 34 39 47 58 62 69 70 79 80 82 83 84 90 98
1 4 8 11 12 13 14 15 16 17 18 19 21 26 27 30 31 34 36 37 38 40 42 44 45 46 47 50 57 58 62 64 66 67 69 71 73 76 83 90 91 92 94 95 97
1 2 3 4 5 6 7 8 9 10 11 12 13 14 15 16 17 18 20 21 22 24 25 26 27 28 29 30 31 32 33 34 35 36 37 38 39 40 41 42 43 44 45 46 47 48 49 50 51 52 53 54 55 56 57 59 60 61 62 63 64 65 66 67 68 69 70 71 72 73 74 75 76 77 78 79 80 82 83 84 85 86 87 88 89 90 91 92 93 95 96 97 98 99 100
1 7 18 20 28 33 36 37 40 49 53 58 63 71 72 74 78 83 84 86 91
1 2 4 5 6 7 8 9 12 13 14 15 16 18 20 21 23 27 28 29 30 31 32 33 34 35 36 38 40 41 42 43 44 45 48 49 50 51 52 53 54 55 56 61 62 63 64 66 67 68 69 71 72 73 75 76 77 78 79 81 84 85 86 87 88 89 90 92 96 98 99 100
1 2 3 4 5 6 7 8 9 10 12 13 14 15 16 17 18 19 20 21 22 23 24 25 26 28 29 31 32 33 34 35 36 37 38 39 40 41 43 44 45 46 47 48 49 50 52 53 54 55 56 57 58 59 60 61 62 63 64 65 66 67 68 69 70 71 72 73 74 75 76 77 78 79 80 81 82 83 84 85 86 87 88 89 90 92 93 94 95 96 97 98 99 100
1 3 4 6 7 8 11 13 14 15 20 21 29 30 31 32 34 35 37 41 42 43 45 49 51 52 53 55 56 59 60 62 63 71 76 77 83 84 85 86 88 90 92 100
1 3 4 5 8 9 12 14 16 19 24 29 30 32 34 36 43 46 47 53 55 61 62 63 67 68 71 72 73 74 77 78 82 86 89 97 100
1 2 3 4 5 6 7 9 10 11 12 15 16 17 18 19 20 21 22 23 24 25 26 27 28 29 30 31 32 33 34 35 36 37 38 39 40 41 43 45 46 47 48 49 51 52 53 55 56 57 58 60 61 62 63 64 66 67 68 69 70 71 72 73 74 76 77 78 79 80 81 82 83 84 85 86 87 88 91 92 93 94 95 96 100
8 10 18 26 28 33 57 61 69 75 81 86 95
1 4 5 6 7 10 12 13 14 15 17 19 20 22 23 24 26 27 28 30 32 33 34 35 36 37 39 41 42 43 47 49 50 53 56 57 59 60 61 63 65 66 68 69 72 76 77 78 80 82 84 85 87 88 89 90 92 93 94 95 96 97 99 100
5 7 9 11 12 16 18 20 21 22 23 24 25 29 35 38 46 48 54 57 58 59 60 65 66 68 75 78 84 86 88 90 93 96
1 2 3 4 7 8 11 12 13 14 16 17 18 19 21 22 23 24 25 26 27 28 29 32 33 34 35 36 37 38 39 40 41 42 43 44 46 47 50 51 54 55 56 57 58 59 60 61 62 65 66 67 68 70 71 72 73 74 75 76 78 79 80 82 83 84 85 86 87 88 89 92 93 94 95 96 97 98
2 3 4 5 6 8 9 10 12 14 15 16 17 18 20 21 22 23 25 27 29 30 31 32 37 39 40 41 42 43 44 45 46 47 48 49 50 51 52 53 55 56 57 59 60 61 62 63 64 65 67 68 69 70 71 72 73 74 75 76 77 79 80 81 82 83 84 86 87 88 89 91 92 93 94 95 96 97 98 99 100
4 5 6 7 8 9 11 12 13 14 16 17 18 20 21 22 25 26 29 33 34 35 37 38 39 41 42 44 45 49 50 51 52 54 57 60 64 65 72 75 76 80 81 82 84 85 86 89 91 92 93 96 97 98 99 100
11 45 61 96
3 4 6 8 10 11 12 14 16 20 21 22 23 24 25 26 27 31 33 34 35 37 38 40 41 42 44 46 47 48 50 52 53 55 57 61 66 68 69 71 73 74 75 78 79 81 82 83 84 86 87 90 91 92 93 94 95 99 100
2 4 14 19 20 24 28 35 36 38 39 51 52 53 55 57 58 60 67 68 72 75 77 78 80 83 85 86 87 89 90 93 95 96 97 98
2 4 12 13 14 22 23 24 28 32 35 36 39 41 43 49 54 56 57 59 61 62 66 68 70 72 74 77 80 81 82 83 87 92 94 96 97 100
1 2 3 4 5 6 7 8 9 10 11 12 13 14 15 16 17 18 19 20 21 22 23 24 25 26 27 28 29 30 31 32 33 34 35 36 37 38 39 40 41 42 43 44 45 46 47 48 49 50 51 52 53 54 55 56 57 58 59 60 61 62 63 64 65 66 68 69 70 71 73 74 75 76 77 79 80 81 82 83 84 85 86 87 88 89 90 91 92 93 94 95 96 97 98 99 100
2 3 7 9 11 12 20 21 23 24 25 27 30 32 33 34 38 41 43 47 50 54 56 57 60 61 62 63 66 69 72 74 75 76 81 82 83 84 85 86 88 90 92 93 94 97 99
1 2 3 4 5 6 7 8 9 10 11 12 13 14 15 16 17 18 19 20 21 22 23 24 25 26 27 28 29 30 31 32 33 34 35 37 38 40 41 42 43 44 45 46 47 48 49 50 51 52 53 54 55 56 57 58 59 60 61 62 63 64 65 66 67 68 69 70 71 72 73 74 75 76 77 78 79 80 81 82 83 85 86 87 88 90 91 92 93 94 95 96 99 100
13 15 19 24 26 29 35 39 44 49 51 57 80 83 90 91 97 100
1 2 3 4 5 6 7 8 9 10 11 12 13 14 15 16 17 19 20 21 22 23 24 26 27 28 29 31 32 33 35 37 38 39 41 42 43 44 45 46 47 48 49 50 51 52 53 54 55 56 57 58 59 60 61 62 63 64 65 66 67 68 69 70 71 73 74 75 76 77 78 79 80 81 82 85 86 87 89 90 91 92 93 94 95 96 97 99 100
2 3 4 6 7 8 10 11 12 13 14 15 16 17 19 20 21 22 23 25 26 27 28 29 30 31 32 33 34 35 36 37 38 40 41 42 43 44 45 46 48 49 50 51 52 53 54 55 59 60 61 63 64 65 67 68 69 70 71 73 74 75 76 77 78 80 81 82 84 85 86 87 88 89 90 91 92 93 94 95 96 98 99 100
2 3 4 5 7 14 17 18 19 21 22 23 24 26 28 30 31 34 40 41 43 44 46 49 50 52 53 54 55 56 57 58 64 66 68 71 73 75 76 77 80 81 82 84 85 94 95 96 97
8 9 14 15 17 23 26 27 31 33 35 40 41 42 48 57 59 61 62 66 73 75 78 79 82 85 87 88 92 95 96 97 99 100
4 6 7 12 15 23 31 34 35 36 38 39 46 49 66 71 72 74 78 84 89 90 91 93 94 95
2 3 5 6 7 8 12 18 19 21 23 27 29 30 31 32 33 34 36 39 40 41 42 44 46 47 49 51 52 53 55 57 59 60 62 63 64 65 67 68 70 71 72 75 76 78 79 80 82 83 84 85 87 88 89 90 91 93 94 95 98 100
9 26 29 44 53 58 65 66 81 87 92
3 5 6 8 9 10 11 12 14 17 18 19 20 21 23 24 26 28 29 30 31 32 33 34 36 37 39 40 42 43 44 45 46 47 48 49 51 52 53 54 56 57 58 60 61 62 63 64 65 66 67 70 72 73 74 75 77 79 80 81 82 83 85 88 90 91 92 93 95 96 97 98 99 100
2 10 11 13 14 16 19 21 32 39 40 41 42 44 50 52 63 64 66 74 83 88 89 91 99
3 5 6 11 12 13 14 15 17 18 20 21 24 29 30 33 34 36 40 41 44 46 50 52 53 54 55 56 57 58 61 64 65 66 70 71 75 76 77 78 79 80 81 85 86 91 94 96 97 100
3 5 6 7 8 9 11 13 15 17 18 23 24 31 34 37 39 40 41 42 46 49 51 55 56 60 61 62 64 65 67 70 72 74 75 78 84 85 86 87 88 89 91 92 96 97 99
2 4 6 12 17 20 25 27 31 35 37 39 40 42 44 46 47 54 62 66 69 70 73 76 85 88 96 98
1 2 3 5 6 7 8 9 10 11 12 13 14 15 16 17 18 19 20 22 24 25 27 28 29 31 32 33 34 35 36 37 38 39 40 41 43 44 45 46 47 48 49 50 51 52 53 54 55 57 58 60 61 62 63 65 66 67 68 69 70 71 72 73 74 75 76 77 78 79 80 81 82 83 84 85 86 87 88 89 90 91 92 94 95 96 98 99 100
1 2 4 5 6 7 9 10 11 12 13 14 16 17 18 19 20 21 22 23 24 25 26 27 28 29 30 31 32 33 34 36 37 38 41 42 43 44 45 46 47 48 49 52 53 57 58 59 60 62 63 64 66 67 68 69 70 71 72 73 75 76 77 78 79 80 81 82 83 84 85 86 87 88 89 91 92 93 94 95 96 97 98 99 100
2 4 5 7 8 10 15 17 21 29 30 35 41 42 43 44 46 48 49 51 52 57 58 60 62 69 72 73 77 81 83 84 86 89 92 93 94 95 97 99 100
1 4 6 11 13 15 16 20 21 22 25 29 34 40 45 50 52 53 55 56 59 60 64 70 71 73 79 83 84 88 90 91 93 96 97
19 23 30 36 46 47 49 61 77 90 91
1 2 3 4 6 7 9 10 11 12 13 14 15 17 18 21 22 23 24 25 26 27 30 32 34 36 37 38 39 41 42 44 45 46 47 48 49 50 51 52 53 54 55 58 59 60 61 62 63 64 65 66 67 68 69 70 71 73 75 76 77 78 81 82 83 84 86 87 89 90 91 96 97 98 99 100
35 86
1 2 4 5 6 7 8 9 11 13 15 16 17 19 23 26 29 32 33 34 39 42 45 46 47 48 51 52 53 54 55 59 64 66 67 70 74 78 79 80 83 88 89 92 93 95 96 100
2 5 8 9 11 12 14 18 20 21 22 23 26 27 29 30 31 32 34 35 36 39 41 42 43 45 48 51 53 55 56 58 61 66 67 68 70 71 72 73 74 75 76 77 78 80 83 84 85 86 88 90 92 93 96 100
1 2 3 4 5 6 7 8 9 10 11 12 13 14 15 16 17 18 19 20 23 24 25 26 27 28 29 30 31 32 33 34 35 36 38 39 41 42 43 44 45 46 47 48 49 50 51 52 53 54 55 56 58 59 60 62 63 64 65 66 67 69 70 71 72 73 74 75 77 78 79 80 81 82 83 84 85 86 87 88 89 90 91 92 93 94 96 97 98 99 100
3 6 8 14 17 20 21 31 32 36 37 44 56 58 62 63 69 70 74 79 81 85 88 89 92 93 98
-8 -8 -2 -8 -9 -5 10 3 -8 1 5 3 -2 -6 0 5 -6 3 -9 -5 3 4 1 3 3 -8 0 2 -6 -6 -5 8 -10 -10 5 -2 10 -8 1 10 -7 -1 3 2 -3 1 -2 9 10 10 1 -9 -5 -6 4 6 6 -2 0 -1 -4 -9 9 -9 2 -4 -8 2 1 -2 -3 9 -7 -7 10 1 9 5 -5 4 -3 10 4 -2 -10 2 -6 -10 -9 0 6 -2 -9 -3 10 10 7 8 9 -7
6 6 7 3 -1 -4 1 3 9 -2 -6 -2 5 8 -6 -6 0 0 -1 8 3 8 2 -3 1 1 4 -7 8 -9 2 8 5 10 0 9 2 -10 -5 -8 -1 -6 -8 4 8 -3 0 5 -1 -7 -4 -10 -10 -1 8 1 -2 8 2 6 5 -9 2 -6 4 5 4 -6 3 5 10 -7 -5 7 1 -2 9 -9 9 -5 -9 2 -9 -3 9 8 -4 -1 1 -2 -8 -6 -2 -1 8 0 9 9 5
10 6 -5 -4 -9 0 10 1 -3 -4 9 2 -8 -6 -6 1 -4 -6 -9 0 10 -10 7 6 -7 1 -6 3 -8 -5 10 -2 -9 3 -2 -2 0 6 5 -8 1 3 -8 -1 -5 -10 9 -4 -9 10 -5 1 -9 5 -10 -10 -2 3 -6 -7 -5 -1 3 2 -4 -8 10 -8 -5 -2 -1 -1 -5 -8 -7 -4 -7 7 -4 3 -5 -5 8 3 -10 0 -6 4 0 -9 -5 9 -3 9 5 -6 -9 1
-9 7 6 -6 9 4 1 0 3 -9 -10 -9 -9 -6 8 -1 7 1 -5 9 2 -3 -2 -1 -1 5 4 -7 -1 -4 0 7 -8 7 1 3 -10 -8 -9 -3 4 7 -2 -10 3 -9 -10 4 1 1 4 0 10 5 -4 -1 -5 -3 3 -7 9 -1 9 6 0 -7 -4 -6 9 -6 -9 -1 -6 0 -4 -8 10 -9 10 -4 -3 -10 -5 7 -9 -9 3 6 2 0 2 -1 -7 -1 -8 -1 5
-9 10 4 4 0 7 3 0 3 -7 5 -5 3 -4 2 2 7 6 3 -8 10 4 7 -6 10 9 -4 9 -3 4 -6 0 -1 0 6 -9 -5 -2 3 4 -6 5 6 6 10 -7 8 3 7 -10 6 0 -8 3 -7 -9 -7 -5 -3 3 -4 7 1 -2 -6 1 8 -2 0 -1 -2 -4 -5 -8 -5 6 0 -5 6 4 -8 4 10 7 -4 9 0 -7 3 5 -9 5 2 7 -6 2
8 -5 10 -8 4 -7 -10 10 0 -1 9 -1 5 -4 0 10 -5 7 -5 -6 -3 -8 6 -1 -7 8 1 6 4 -5 -10 -3 9 5 -3 -1 0 2 -7 -3 -1 0 10 3 6 3 6 -8 9 -9 -7 -2 -3 9 -5 -1 -5 7 6 1 -7 4 8 9 -1 -3 9 5 -2 -4 -8 -6 4 1 -8 1 3 -2 10 0 -4 5 -6 -8 3 -8 -3 7 -8 -4 -8 -9 2 -3 1
-8 -7 9 4 -1 -4 -3 -3 -5 -10 -7 9 -3 -1 7 7 10 -2 -1 8 -6 -10 -7 10 1 -6 -9 3 0 -8 -4 4 7 10 6 -6 9 -4 1 -1 4 6 -9 9 -8 1 -6 1 -5 8 4 4 -10 -8 6 6 1 2 -2 -7 -7 0 1 10 -4 4 -6 5 6 6 4 4 -1 4 0 2 -2 5 2 -3 -2 1 6 -4 8 -4 7 -9 -2 1 9 6 2 6
7 -1 -7 -2 5 3 -2 -6 5 9 6 -6 2 0 8 10 -9 -6 -2 4 -1 3 7 -4 10 1 1 1 8 -7 1 -9 5 4 -3 0 0 -4 -9 -4 6 -3 -2 -10 3 7 -9 1 2 10 -2 -6 -2 7 6 -6 2 -2 -6 5 10 -8 -7 4 -2 9 -10 -6 3 3 4 7 -2 -2 3 -3 4 -6 -1 -7 -10 -9 -10 -4 6 7 -5 -3 7 -6 3 3 2
-2 7 5 5 4 6 10 -7 4 -10 -8 8 -3 7 -7 0 -8 -8 -10 -8 -1 4 -7 -2 0 8 -1 5 2 5 10 -5 -3 -3 -10 -7 -3 9 -6 6 7 -5 6 -5 -9 10 1 4 -10 -7 -2 3 -8 9 -8 2 8 10 0 8 6 6 10 -6 6 8 -3 -1 -2 -4 4 -7 -4 -8 -3 1 3 -7 0 0 -9 -3 9 -1 9 -1 10 -8 -10 -8 -2 7
3 -2 1 9 -8 9 -2 -7 10 8 3 -4 -10 -8 -10 -4 7 -10 7 5 2 -3 7 -3 9 -7 1 -9 0 -9 7 5 -5 -2 -3 -4 -8 2 -6 3 -2 7 9 -4 5 5 2 -10 -3 -8 5 -2 10 -7 4 0 10 -9 9 1 -1 -9 -10 -4 -5 -8 3 -1 3 10 4 -4 1 1 9 -10 -9 -9 1 -10 -6 2 1 -2 -4 3 -2 -2 -9 -3 1
-3 -9 -2 -10 -1 3 9 4 -4 0 10 -4 -8 -5 -3 -4 6 -3 1 2 -7 6 -4 -6 8 -9 7 -3 -7 -4 -6 2 6 -9 -4 -8 5 2 10 -9 7 -8 7 7 -8 2 -6 4 8 -4 -6 -1 9 -7 1 5 -5 9 2 1 -10 -8 -8 6 -2 -7 5 1 8 1 9 -2 -4 -5 1 5 -9 -6 -6 -1 -3 -7 10 -8 -8 10 -2 -7 0 2
-9 4 -1 -1 -10 6 -5 -8 -2 -3 -5 2 4 -6 -3 -3 5 9 -1 9 -8 2 9 3 3 0 6 3 9 10 -1 10 0 -9 -2 5 -4 -6 3 9 3 -6 -5 5 2 6 2 6 -1 3 8 1 6 -9 7 0 4 4 10 2 -7 -6 -1 -3 -2 7 9 -5 7 5 0 -4 10 -9 4 -8 -4 -1 1 1 3 -2 -6 2 -2 8 -9 0 4
3 -4 -8 -5 9 6 -10 6 8 1 -9 4 0 0 8 -2 10 -2 8 10 -7 8 -1 3 6 3 1 -9 3 -8 -1 -6 -2 -2 -4 3 10 6 0 -9 -5 -8 10 5 8 -3 6 2 -6 9 -7 9 -9 -6 -3 4 8 0 1 7 6 6 -1 -8 4 6 -10 8 0 -5 -3 5 1 7 -7 4 -3 5 -5 0 9 10 -10 -4 1 7 -8 -7
-5 -10 7 -8 9 -8 8 8 10 -3 -4 8 -7 -6 -10 -3 8 10 9 -2 9 -1 -1 3 9 -4 8 6 -6 -3 4 1 -5 1 -6 -1 -9 -9 -10 -2 -2 1 6 4 6 -1 -7 2 0 -9 4 -4 -7 10 -9 -3 -6 0 -10 9 -4 -5 -5 -8 4 4 9 0 -6 -5 7 1 -10 -7 9 0 -9 9 2 -7 6 0 -3 -7 3 5 2
1 4 -2 -10 1 -6 -2 0 -2 4 -5 -3 -10 -6 -5 8 -3 -1 1 10 1 4 -1 9 -7 8 -3 6 -4 -6 5 -8 -8 9 9 9 3 -5 3 4 -2 -1 8 -4 -5 -7 2 0 -8 5 -8 0 8 -7 3 1 1 9 2 -10 -6 9 9 -10 2 8 -6 -9 3 -4 -7 6 2 0 -3 5 0 1 1 -2 -1 -3 4 10 5 -2
-3 5 -8 -2 -10 6 9 -8 2 0 7 1 3 0 -2 4 1 0 -9 7 6 -2 10 -6 1 -3 6 -1 -1 4 -1 8 -4 4 4 -7 5 8 10 -5 1 8 8 5 -10 -7 1 -3 3 -8 -6 -7 5 7 9 -7 -8 -5 -2 2 3 2 -9 -2 0 6 -5 1 6 -5 6 -6 -3 10 6 -8 -9 7 2 5 6 6 10 3 9
-9 -10 -9 8 -4 5 -6 -5 7 5 -3 -10 5 -5 5 -4 -1 -10 -8 -3 7 -7 -4 4 10 -3 9 6 -1 8 6 6 4 2 -4 4 -3 -4 7 10 0 -9 -1 -7 -5 4 7 -4 -4 0 -10 -6 -10 5 -8 -10 -1 0 7 9 -7 5 -8 -4 -8 -8 9 5 0 3 -4 -5 -3 2 10 -8 -5 -4 -5 0 5 -9 -4 -6
7 -5 -1 7 1 -10 3 -1 2 1 9 1 -4 9 -10 5 7 4 0 -8 -1 2 10 -5 5 0 7 10 -4 5 2 7 -9 1 -10 -9 6 -6 5 5 -9 7 5 2 -9 -4 -3 5 0 3 9 5 4 6 1 1 -3 2 -2 0 9 5 -8 9 -2 0 -5 8 2 -6 9 1 -3 -4 4 5 -5 -6 10 9 -3 -1 -1
-7 0 -9 -10 -8 -1 -5 7 8 -9 -10 -2 3 10 5 -1 -9 4 9 -4 -5 -8 2 0 0 9 5 8 4 3 -10 7 0 -3 10 0 -5 -2 -2 -5 -6 -3 5 7 -9 -3 -8 -7 6 -3 -6 2 -8 6 -8 -4 -2 -8 7 -1 6 10 -5 3 -10 -1 0 -6 1 0 -4 -10 3 -2 0 -4 -5 -6 7 -1 8 1
4 -7 10 7 -10 -5 2 -7 5 -2 8 6 8 -10 3 -1 -7 8 -5 -8 -2 -8 6 6 6 -5 7 -1 2 -9 8 0 -1 -1 7 1 7 -2 -7 -9 -3 2 8 3 -2 2 8 -7 2 5 5 6 -1 -7 7 3 6 -1 -9 7 -6 -9 3 -4 -9 -9 -6 5 10 -4 9 7 6 -3 -2 9 -6 6 5 4 -8
9 -4 -2 -9 6 8 8 -4 -4 -2 -2 -9 -9 -4 1 2 -6 -9 0 8 8 3 -4 7 -9 2 -4 -7 -3 0 6 -6 4 -4 -4 -8 -2 2 5 4 -1 -2 -6 0 7 8 -5 4 8 -10 0 -8 -2 3 7 -7 -9 5 2 -1 -3 1 4 1 3 9 -5 -2 -4 1 6 -6 -8 7 1 1 10 -7 4 -5
8 3 8 -10 -7 8 4 -6 10 -3 3 1 1 10 0 -2 8 -4 -5 -10 -2 7 -5 6 -6 0 5 -6 0 1 5 4 -5 8 7 -5 -9 -5 -3 1 -1 10 -8 7 -10 4 -6 1 -3 -10 5 2 -9 10 4 -8 -9 -5 -6 -1 2 4 2 -8 -8 2 5 1 5 1 1 8 -8 5 2 -5 -8 -4 7
6 -8 8 -7 -6 -10 0 3 9 8 3 -7 5 -8 10 9 -2 0 -7 7 1 -7 -2 -8 -4 4 -6 -5 2 5 -7 1 8 6 -9 1 0 3 5 -5 -9 -9 -8 5 -4 9 10 -10 -7 0 6 -1 3 10 10 -9 -5 -1 10 -2 -3 9 1 1 6 7 -5 10 7 4 -7 1 -5 -6 -2 4 1 -3
-8 -6 7 7 6 5 -5 5 -7 5 0 -4 7 0 0 4 5 -10 -5 9 5 0 3 -3 4 -5 -5 8 10 4 9 -2 -9 -3 -4 -3 6 8 -6 1 8 4 -10 -10 2 -2 5 -2 1 -7 -3 4 1 -4 3 -2 6 -6 0 -1 2 4 -5 10 6 5 2 6 -2 0 -2 8 -9 -2 5 -1 4
8 5 -4 8 3 -4 7 -4 -5 7 -6 -8 1 -2 5 -5 -3 -8 2 7 10 -8 8 -1 3 -2 -6 -9 9 -3 1 -4 10 7 -8 5 -1 0 -8 -4 -2 -4 5 -8 10 5 10 -1 -7 -6 -4 9 4 -2 -2 -8 1 5 3 6 -4 8 4 8 0 -10 3 9 2 7 7 -9 10 -4 -8 2
6 9 8 -2 -4 -10 -10 -3 -4 4 -8 10 1 6 6 -6 -10 2 -9 -7 -10 -4 -6 2 2 -3 10 3 3 8 -2 5 -1 8 -8 10 10 9 6 -4 -9 -6 -7 -5 -3 -7 -3 7 -1 -6 -8 -3 6 -10 7 4 5 -8 -8 6 0 -2 -5 8 -10 4 -6 1 -3 3 -7 -3 -1 3 -7
-10 9 -8 3 3 -3 7 -5 -10 -9 -2 0 10 -8 -7 5 -3 0 -2 8 1 4 -5 -10 6 8 3 -9 -1 9 -7 -1 -3 1 -10 0 3 7 0 0 -8 3 -2 10 10 3 8 -6 -4 3 2 8 -3 9 5 -7 -6 -10 0 -10 2 2 9 -4 -1 6 -4 -4 2 -8 -6 -9 2 8
2 -5 -8 -6 0 0 3 1 4 -8 7 8 -3 -3 6 1 0 -9 -2 -9 2 2 -5 0 -10 -9 -6 6 6 -6 -2 -8 4 -8 5 -1 -7 -10 0 5 9 3 5 -3 2 -4 7 10 6 -6 -2 4 -1 -8 8 9 -5 -1 7 -1 4 -2 -5 -8 7 -4 -5 9 -9 -7 -6 -5 9
10 -8 -2 0 0 -1 10 6 -6 1 10 2 -5 4 7 -6 -3 -2 -10 6 -6 9 10 -1 -1 4 -5 5 9 5 -10 4 -1 -2 8 -1 -8 -9 -7 10 -10 1 -2 2 -2 4 -5 -2 -6 -7 -9 -6 -1 -7 1 -6 3 -5 -10 8 8 -10 5 -3 7 -5 -9 -3 5 5 -9 2
-5 7 -8 10 1 0 6 -10 -3 6 -3 -10 0 7 10 10 -3 -5 1 9 -4 -10 -1 5 -9 -5 -2 -4 -5 -4 7 8 5 4 9 7 -7 1 -10 -7 -8 0 -3 -6 -1 2 -9 8 -5 -10 4 1 4 3 -8 -2 -2 1 1 -9 4 -3 -7 6 -10 6 -5 7 -7 -5 9
8 4 -4 2 -3 -9 -5 7 6 0 3 2 5 6 -10 -5 -6 3 4 -7 8 6 -8 -7 3 1 8 -6 -10 -1 5 -2 0 7 -4 1 10 -8 -8 -8 -4 8 -4 4 2 -9 -1 9 1 8 6 -4 3 -7 4 5 8 -10 8 5 10 -4 6 -10 -2 6 10 0 9 3
10 10 -4 0 10 -4 2 4 -2 7 9 3 3 -5 -4 -7 -6 7 -3 9 -9 8 8 -3 10 -3 6 -6 10 -2 -8 -10 4 8 -4 -2 3 3 -3 2 2 10 -3 10 -8 9 -10 -4 -5 -1 7 9 -4 -2 9 1 2 5 0 -3 -1 9 -5 -6 4 -9 9 5 2
8 7 8 4 -6 -6 5 -7 -1 -3 -1 4 4 -4 0 -7 8 1 2 0 -4 -7 6 -5 9 -9 10 -2 -8 6 10 -5 7 7 6 3 -7 -10 -9 -1 10 -6 -6 6 7 -4 0 -5 7 6 10 10 -5 9 9 5 5 -7 4 -2 1 -8 -9 5 6 8 -1 -6
5 -3 3 3 7 10 -4 1 -5 9 -2 0 2 5 4 5 8 10 2 -3 2 -10 -7 -4 -8 9 6 -4 9 -7 2 9 -7 4 -4 7 9 3 -5 10 9 -6 0 10 5 6 -8 -7 1 -9 0 -1 3 -7 9 7 2 -4 -8 -1 -1 4 8 -3 5 8 3
-10 8 -8 3 6 -7 3 -10 5 -5 -10 -3 7 3 5 5 -5 -8 5 0 9 2 5 -9 -2 6 6 6 -1 -6 -5 5 8 6 -3 8 -10 -8 1 6 -8 -3 6 10 8 1 6 -3 7 7 -8 -1 10 10 1 6 -1 -4 -10 5 0 -10 0 -2 -8 5
-3 -8 1 -6 5 -7 -3 -8 -9 4 -2 5 3 -8 4 9 8 4 2 -2 10 -7 0 7 6 -1 -3 3 3 -1 -9 -2 -1 3 -1 2 -4 -9 -2 3 6 2 2 10 10 6 1 -5 -5 9 10 2 4 -5 8 6 -8 -10 3 -8 -6 -6 4 9 -4
-6 7 -4 0 10 7 -4 6 2 0 6 1 7 -9 -10 4 -9 8 -7 4 3 10 -4 -9 8 -3 -1 6 -10 5 -8 -4 10 -1 -8 2 9 -3 7 -1 -2 -10 10 -1 2 2 9 -2 10 10 0 4 -6 9 0 7 -3 -3 -3 1 -1 10 3 -10
-7 9 -5 7 2 8 0 8 -9 -8 -2 5 3 -1 3 5 -3 -2 -10 4 10 1 7 8 -5 -2 -1 -5 -9 6 0 -2 -9 -2 10 8 -10 8 -4 7 -3 -4 -2 -8 5 7 1 5 -4 2 -3 10 8 -4 8 -9 1 7 -5 10 -3 0 6
10 -2 -5 -5 -5 -8 -4 5 2 -3 -3 3 -8 -9 7 2 -7 -7 8 6 6 2 8 -5 0 -3 -10 -7 5 5 10 -2 9 -5 -9 1 -5 10 4 -5 1 -10 -8 -8 -2 1 -2 -9 -5 -1 -2 -6 10 -1 -7 -6 -7 2 6 5 -1 -8
2 4 10 -1 -8 7 -3 4 -9 -6 -6 -10 -9 9 -2 2 3 8 -7 2 8 -7 1 3 8 3 -2 1 9 0 -10 10 -10 0 -3 0 -3 -6 8 -9 4 9 -6 10 -7 -4 -5 -6 -6 2 5 -2 -10 10 -8 1 -7 10 -3 -7 1
3 -9 -5 6 -5 7 -5 -4 3 -4 -5 7 -2 7 6 -2 0 8 6 5 5 9 8 1 -3 -2 -6 8 -4 2 0 8 8 5 -5 -10 -4 4 5 5 -4 -9 -4 -1 -4 -2 -6 -3 5 -9 -1 7 -1 2 0 5 -6 -8 3 -6
-9 5 -2 2 2 4 8 8 6 -4 3 -8 0 -3 9 9 9 1 2 -5 -9 -5 9 9 0 -6 2 9 -4 8 3 7 4 -1 9 -5 3 -8 -7 -10 -8 7 -4 -9 -10 10 -5 -3 -2 -7 0 -3 1 -9 5 9 -7 -3 -8
3 5 -2 8 -9 2 -10 -8 2 -5 -4 5 0 10 8 -2 -2 9 -9 9 8 0 2 7 -9 -1 9 3 -3 -4 -3 3 -9 -6 -8 4 -1 5 -5 8 0 10 3 3 1 -9 -6 0 8 -9 -8 4 -10 -8 9 -8 -9 -9
-2 7 -5 2 -5 3 10 -7 3 -8 1 6 7 6 -8 9 7 5 -7 -6 6 5 4 7 -3 9 0 -8 6 -7 0 1 -5 -7 -9 -3 4 -9 7 5 -2 -3 -9 -2 -6 0 8 -7 3 -5 -6 -1 -10 -10 0 -9 10
6 -1 -8 -1 -1 9 1 2 3 -5 9 0 6 3 5 0 2 -2 -2 -9 4 9 3 -9 -7 3 -3 2 -2 -8 2 10 6 -7 -3 -3 7 1 2 5 -5 7 -1 4 8 -5 -7 10 1 -9 2 -6 9 -7 8 -10
-6 -9 -2 3 -10 2 1 -10 1 1 9 9 5 -9 4 5 7 10 -6 -2 -4 -7 -9 -1 9 7 -10 9 -5 -3 3 -5 -5 0 2 -2 -9 1 -2 -7 1 10 -7 -9 1 -9 -4 -9 2 0 1 5 -2 -3 -3
4 -3 4 -8 2 5 5 4 -9 6 7 5 -6 -3 -4 0 -5 4 3 0 -10 -7 2 -6 1 8 1 10 -5 2 4 -5 -7 -3 -6 -7 4 -4 3 -6 7 2 -8 -3 2 -8 10 9 2 -7 10 10 -10 -4
-5 7 -1 -2 7 -4 0 9 -5 -2 9 5 -8 4 -6 8 4 6 8 -2 -10 8 -9 -9 -5 -2 -1 -6 2 2 -3 -8 3 -8 -8 -8 -2 5 9 6 2 5 8 -9 2 0 4 8 -2 7 0 4 10
-3 -8 1 -5 -2 8 -1 -3 -4 0 0 -8 3 8 -8 3 -9 4 0 -2 1 1 -3 0 0 -5 5 5 -5 5 1 -1 3 -7 -3 -7 -4 -9 6 8 -7 7 -9 1 -1 7 0 4 -7 -8 -3 -7
7 -4 8 -6 -9 1 4 8 -7 -5 -1 6 -5 -8 5 -4 3 -10 -6 4 -7 6 -9 5 4 -7 -9 8 1 -7 3 0 -6 -7 0 -3 -4 4 8 5 -9 3 -2 -2 1 10 4 -3 6 -3 1
0 -9 -3 4 -6 -9 2 2 10 0 3 4 -7 -7 4 5 -4 -6 -4 9 3 9 2 -9 1 6 6 -7 -9 -1 -9 -3 5 -4 -1 5 -6 3 10 -1 3 7 10 -2 -10 -6 6 1 -5 7
7 2 6 -2 6 -1 -9 8 -2 8 10 5 5 -1 7 -5 4 7 6 -7 -8 -7 2 10 6 -7 2 4 -6 3 2 5 -10 4 -6 7 -5 -1 7 -1 5 5 0 2 3 5 9 -4 -3
3 6 4 8 -4 3 3 2 -4 -9 -7 1 6 3 3 2 -6 -4 -1 0 3 9 -3 10 6 -1 0 -4 -9 -7 -3 10 -10 -7 6 3 -6 3 4 -10 4 3 -8 3 -2 4 5 -1
-2 3 -1 -6 -5 -2 7 10 0 -6 1 7 -7 6 10 8 -6 -1 7 0 -7 5 0 -8 -3 -5 -4 7 -6 -5 -3 9 8 -6 -8 -8 10 2 -7 -8 -2 8 -6 -6 -5 -2 9
4 -4 -10 -6 7 5 -9 -4 -8 -4 -6 8 -3 -2 -5 -6 4 -5 -4 6 4 2 5 2 4 8 0 1 -5 -5 1 -9 5 1 0 -9 -3 -2 4 -7 5 5 3 1 8 4
7 3 4 9 4 9 0 9 6 -3 -1 -4 10 -6 -7 4 -9 -4 4 7 -1 4 7 1 -4 5 4 -6 -7 -4 0 -9 1 9 8 -5 10 -9 -6 -5 8 -5 4 -9 4
-10 1 -3 -9 1 -8 7 3 -10 4 -10 6 6 1 3 -9 -10 6 -3 7 -2 -9 7 7 -6 7 3 2 3 -5 -3 -1 -9 -8 0 6 -3 -9 -7 -10 -6 -4 -1 6
-4 -5 -1 3 -6 5 -6 -4 4 -1 -10 1 -8 6 -3 1 -4 -9 3 7 5 -1 6 3 -2 -7 5 7 6 -4 5 7 -10 8 9 -2 5 -9 -4 -2 -9 -9 10
-3 9 -3 -1 -4 0 7 6 -7 6 8 4 -10 -4 4 -10 9 9 -2 8 -10 -2 6 -6 -9 3 -6 7 5 1 -2 10 4 1 -6 5 1 0 -9 -5 -4 -6
-4 -10 5 -7 -9 2 -7 6 -4 2 3 5 -6 2 -3 -2 -1 4 3 3 0 0 -10 0 -8 7 -2 -3 6 -2 3 -2 -1 7 -8 -4 0 5 -2 7 -1
10 10 -8 0 5 -2 -1 4 -7 -9 -2 -7 2 -5 -7 1 9 -1 10 -1 -6 4 8 1 3 -2 -10 -10 -10 -9 9 -7 -5 9 -6 -9 10 10 0 0
3 -7 9 6 7 -9 -9 -3 -6 5 4 2 -5 -9 3 5 5 -10 -9 5 -1 -6 8 8 -6 -6 3 -7 -1 9 6 -7 -6 -5 4 3 -1 4 3
-8 8 -10 7 3 1 -9 -7 4 -1 0 -10 -2 0 8 5 -2 -5 10 2 3 -4 0 -8 9 7 -8 2 -7 4 0 -3 -1 -4 -10 0 -4 -2
-10 7 0 -3 1 8 -2 -7 -2 2 -3 -5 6 7 8 -8 4 -8 -5 3 6 10 -2 7 -6 4 -8 7 -4 8 2 -5 -9 -10 -4 6 8
8 3 2 3 -2 0 -2 0 1 -10 0 -1 5 -10 -2 -9 -2 -5 7 1 -3 -8 1 0 8 6 10 9 -6 -4 -1 4 -9 2 -3 -1
-3 3 -10 6 5 -2 -3 9 -2 1 3 -4 -9 0 -5 6 7 -9 5 5 9 -8 -8 -9 -9 -5 2 -3 0 7 -3 9 -8 5 0
-6 -6 7 -9 -9 6 0 -10 3 3 -10 -1 8 -9 -8 9 8 0 -6 4 5 -6 6 -9 -2 -5 0 -3 -1 -8 7 4 2 4
-6 5 8 0 0 6 -1 4 -10 5 -6 -10 6 -5 -7 4 10 9 4 -4 10 10 -3 3 -7 -5 -3 5 1 -8 9 -1 4
1 3 3 2 -4 -7 -2 9 0 0 -6 -8 -1 1 4 -6 5 0 2 2 -1 -1 -9 0 -1 5 -6 7 9 7 4 -4
-3 -9 -9 -1 -3 -8 -9 5 8 1 -5 8 -1 -7 -1 9 -5 -7 -10 -10 3 -3 -1 -3 -8 4 9 1 8 1 -4
1 -9 7 -6 -4 -3 -4 10 -3 -10 -3 -8 2 8 6 5 8 4 6 -6 -5 9 10 -6 9 8 0 8 -7 9
2 2 8 -4 0 9 -6 3 6 7 -2 -10 1 4 5 -2 8 -6 8 9 -7 -10 -8 3 7 5 -6 -10 -8
-7 -3 -6 -3 4 4 -10 10 -8 -2 7 -5 -8 6 7 7 -6 -5 3 -3 -7 6 2 -4 1 -2 1 -7
-2 -5 -10 -1 -2 6 -5 10 -3 0 5 -10 1 -5 -8 -9 2 -10 3 8 -10 8 2 -3 -3 3 -10
-6 5 4 9 8 -4 -8 3 3 1 6 0 4 8 -9 -6 -8 -1 9 -9 -5 -1 5 4 4 -6
10 0 8 -9 -4 -3 -7 9 7 3 1 -3 1 -5 7 2 -3 1 -6 -2 7 -9 -1 5 -8
8 9 2 8 -1 4 -7 0 -6 -8 -3 -10 3 2 -10 -7 -8 0 9 3 -5 -3 8 2
-2 6 -5 0 2 8 -6 -9 1 0 -1 8 -2 -9 0 -6 4 -7 -7 4 10 -7 -3
0 9 -8 -1 8 -4 -9 -5 -5 -2 3 -10 -3 -7 5 4 -7 5 7 5 10 -4
2 0 -5 -6 7 1 5 5 -6 2 -4 -6 -10 1 5 -1 -2 2 -9 6 1
-8 5 5 6 3 -9 -10 6 2 -3 -8 5 3 -2 10 -1 8 2 -2 -1
-10 5 -1 7 -1 -2 4 10 -4 -1 -4 8 4 7 -9 -8 4 5 2
1 0 -5 -4 -8 7 -3 -4 -3 -6 -9 -10 0 1 -1 9 -6 3
-3 2 4 9 -4 -5 -10 7 0 4 -6 5 -2 0 10 -3 1
-5 -10 -6 -1 -2 -4 9 2 6 7 3 0 -2 9 -10 3
-1 -10 4 1 -4 -8 4 8 -1 -1 4 -9 10 -5 2
-5 -10 -6 -10 -4 -6 3 -3 -9 1 2 -10 -7 1
0 -1 -1 0 -5 -10 3 3 5 7 -5 -10 -4
-9 -8 1 7 8 -1 5 -10 3 9 -2 -10
2 -6 -5 -2 -1 -5 8 -6 0 2 8
3 -5 4 1 -7 -7 1 -6 9 -6
-8 7 7 -6 -9 4 -6 4 -9
0 -5 6 -6 -10 -2 8 0
-2 -2 -4 6 -4 2 -4
-1 3 8 -5 0 -10
-7 5 2 -4 -2
-6 1 8 -4
-1 4 -7
-7 -10
2