25
8 2 12 6 5 2 5 16 7 10 24 24 3 14 2 11 11 16 19 18 10 21 10 19 4
2 6 8 11 17 19 23 24
10 21
1 3 9 11 13 16 18 19 20 21 24 25
4 9 12 17 20 24
7 16 18 22 24
9 10
1 5 14 16 17
1 2 7 8 9 11 12 13 18 19 20 21 22 23 24 25
3 8 12 14 15 19 20
2 4 13 15 16 19 20 23 24 25
1 2 3 4 5 6 7 8 9 10 11 12 13 14 15 16 17 18 20 21 22 23 24 25
1 2 3 4 5 6 7 8 9 10 11 12 13 14 16 17 18 19 20 21 22 23 24 25
6 10 15
1 2 5 8 9 11 15 17 18 19 20 21 22 25
10 20
2 5 7 8 10 11 14 15 16 21 23
1 2 4 5 6 8 11 14 17 18 23
1 6 7 8 9 10 12 13 14 15 16 17 18 22 23 24
1 2 3 4 5 6 7 8 10 11 13 14 18 19 20 22 23 24 25
2 3 4 6 7 8 9 10 11 14 16 17 18 19 20 22 24 25
2 3 8 13 14 15 17 19 24 25
1 3 4 5 6 7 8 9 10 12 13 14 15 16 18 19 20 21 22 23 24
3 10 11 13 15 17 18 22 23 24
2 3 4 5 6 7 8 9 11 12 13 15 18 19 20 22 23 24 25
4 14 21 25
6 -7 -4 -2 -5 -5 -10 -3 6 2 8 2 7 -3 -10 -1 -4 8 -6 -6 10 -10 -3 -6 -9
-3 4 4 -3 4 0 8 -6 0 4 -3 9 -9 6 0 -6 -7 -3 1 -4 10 -10 2 4
8 -4 2 -1 5 9 -7 2 6 -9 5 -5 3 8 -2 -1 -5 6 9 10 2 -3 7
7 1 9 -1 0 -7 -7 1 9 -9 8 3 -5 -9 -3 -1 -7 10 -1 8 -6 10
-1 6 -7 -6 1 4 -5 -4 -2 -10 5 -4 -9 -10 -8 -7 9 1 -3 -4 8
10 0 7 1 -5 2 10 2 -3 -9 4 0 1 7 -6 10 -7 -5 -3 -10
-7 7 10 1 7 -4 -8 -3 -9 0 6 1 -2 2 -10 -8 -5 2 -1
4 6 4 3 6 -9 -5 -9 -8 -5 -5 -5 -6 -7 9 -9 0 8
-7 -2 -6 3 6 2 1 1 8 5 7 9 -7 4 7 -7 -5
3 1 8 -2 2 -9 -10 -2 -5 -2 5 6 2 6 -5 -7
-7 6 6 -3 3 4 -1 -3 -9 -2 -4 -3 -10 9 5
4 -10 4 -4 9 7 -7 9 -9 -3 6 8 -10 -8
4 -9 -9 3 -9 7 1 1 -7 4 6 4 -9
8 -8 1 9 0 -4 -1 -10 1 3 -3 -2
2 -2 3 5 -3 7 0 -3 -7 4 10
3 9 -2 4 1 -2 3 -7 -9 3
-4 -9 6 -9 4 -6 -6 4 -10
9 6 6 6 -6 -7 -10 -7
-9 1 6 8 -1 9 -4
-4 -3 -2 7 -1 2
-8 -6 -4 -3 -5
7 -9 -1 4
10 9 -7
3 -8
5